2788
5299
30351
9981
11478
17344
8088
26859
15986
23923
27274
12510
28659
25919
11585
1940
8557
5461
614
2639
25126
25211
9079
31726
27817
22185
591
10326
24471
25471
20200
29972
2168
13480
10860
21943
1538
11050
30982
1570
24356
14041
31831
15016
11411
26955
28709
17942
31170
21736
30409
2603
8619
26818
6301
28914
23862
17636
2967
31757
25056
14718
776
1901
10875
1785
24123
30092
31269
20426
22617
28887
16340
10469
24260
15725
26717
16081
18757
3272
16247
18270
4357
30310
10631
4363
3201
9727
7180
26740
8993
28334
6093
18453
5091
13250
2846
27493
20154
7870
19588
8084
26798
11724
24050
30332
18989
27428
18937
9819
19223
23204
28009
4615
8893
26498
6291
31867
11970
25681
15454
29819
16388
31527
18503
25510
26506
21059
11656
32031
3479
13537
24387
21112
1109
4180
6416
7744
8764
13268
10061
14907
6563
9548
13698
10239
23063
14740
12953
4876
10124
3593
6699
13975
10197
8792
18840
10238
5972
3733
2576
13460
1194
18831
30016
15972
19733
21635
2588
26487
16277
1823
4192
17740
9363
17336
5897
25773
8174
22703
23941
28446
23079
29073
4188
3675
282
22344
27794
3217
2283
13773
18135
22876
16612
29832
14458
3815
3344
20253
4778
22890
20128
8836
8442
12830
24616
8922
13001
22379
20478
14801
30515
27072
21734
31668
2743
2684
4781
11271
3894
24005
28226
12305
23939
30553
29977
31435
15053
30424
961
32130
3401
24267
8269
17316
20073
21311
1011
32239
31340
27031
22912
1948
13797
21560
12518
20750
11138
27261
20305
28114
6282
12578
18883
19100
25278
22407
24856
9183
2339
5967
31188
30248
28247
16921
5459
12299
24693
23595
16973
2647
32453
14815
8036
3224
532
6276
3789
14688
27695
4769
11390
5047
27029
19548
14333
22151
17156
24261
1166
4254
7348
6241
3489
26772
25308
6774
21269
14901
5379
5883
21869
28624
21154
16970
4657
25063
15000
690
10683
20847
25219
17583
30656
2226
27719
23529
23859
31698
20150
13189
8587
19853
27838
17856
22252
24762
25764
22360
26757
8024
19124
12548
8325
7930
19877
19365
21052
6910
22094
7929
28352
534
4925
9303
20770
7807
10772
5298
13165
27062
15796
30321
32161
4772
32148
10700
16413
22156
554
5914
17522
11387
24363
13992
20557
7123
22958
19799
4077
21036
30641
6458
17319
9530
2867
450
2738
14147
18252
24856
3076
823
15197
1098
6633
7368
11044
23555
21254
25593
4984
22766
31619
26013
15635
18152
11810
23420
22330
17534
22600
3281
744
23731
2431
4054
26887
31883
10332
15542
2985
11077
28233
1531
11295
17083
1968
28910
20170
18678
6942
21604
29908
16764
18506
30213
21745
12474
8777
2156
456
1801
32413
31551
2562
7622
19743
24644
18480
20674
8932
13772
31935
25189
21972
25254
12388
7803
17731
24478
11329
258
21303
22168
18604
10962
18623
1864
5730
9896
1742
19637
13636
1836
6024
3014
1376
27812
4806
17555
18298
18765
26273
30209
30140
10308
2963
25272
20086
17685
30513
14301
12016
12248
3969
2320
11279
19150
14163
12796
16684
17306
14613
19166
29839
23702
2174
8559
1792
15729
28208
11096
10979
11698
2417
31112
24933
22487
29896
13210
19142
15704
5011
20231
1994
27424
15077
18638
1745
11744
20926
14480
4568
1732
20397
28802
27972
8903
24309
26234
30870
22246
18179
22034
22415
10935
29606
11202
26002
2915
17110
9761
19998
20255
585
5408
5954
29555
10299
22935
21317
3096
10469
29628
31471
29542
13565
32408
18760
9200
7624
27677
27898
5683
2493
22783
32599
10863
989
14565
355
7398
25287
12755
20235
4421
21829
13977
14426
22900
23998
30551
12469
15726
564
16647
13491
32113
7429
19981
21261
7876
25403
17577
17491
21042
31792
19779
10398
15767
15870
4518
11864
19656
4507
4625
8767
27838
15490
12273
1710
6469
14332
4490
10005
24100
18117
21194
26832
16712
25120
24554
2647
23582
18351
28087
12790
19579
12886
27602
16963
32195
3875
351
17751
24036
24486
6535
11347
15282
15078
22551
1862
12596
23669
13251
611
28168
24258
19121
13036
24458
32665
21950
14527
12993
23604
2285
4685
16047
25636
11235
18729
22760
4004
3679
16043
26818
16822
15835
31057
18913
30539
6806
28315
7598
16951
23051
8900
4914
24622
10103
10642
20748
30671
23430
29248
21494
30718
23067
24905
16674
8567
13330
17675
29191
11094
22004
1873
27267
24795
20429
14765
9228
17595
3857
15623
10250
13753
16218
22122
25194
15323
10613
22130
4131
9490
280
23436
27092
24615
14418
4660
19352
30648
27938
30656
29934
15526
28490
3355
30703
10854
5413
19082
13385
13894
21805
2446
32061
21100
27225
9898
26095
22634
6840
12775
27074
29302
16149
6553
16121
27608
22371
12785
30572
31414
24366
23079
25501
26424
17367
402
7677
24469
25122
15866
26915
9220
16849
1209
18453
27910
12971
12398
16618
29821
23545
16446
22611
16835
31028
25260
5488
9139
20055
17491
19027
11347
1868
8015
32644
29590
15115
27628
22567
10511
19065
22731
4058
26381
8946
21891
10013
30967
8416
1934
4283
29259
15346
14708
10832
5252
2923
19188
26107
19803
18221
1250
7926
13668
23295
8295
23220
8017
14384
23279
16449
28413
17499
15602
27309
9649
9916
924
14073
13156
9451
80
14028
17117
15706
32252
22702
7005
3689
17329
20727
5880
1556
5968
14942
3721
32090
19415
5345
19725
18217
29511
16700
24114
23862
10895
11688
12191
7491
19555
7980
12982
494
12775
15205
26189
1838
1222
29267
17549
8837
26726
12391
20732
24033
1211
12391
21982
3660
12075
24779
14545
24795
24840
29509
22714
10461
23402
18834
15735
29257
12882
12875
150
14064
30403
10344
21830
4357
25492
4064
18873
14342
6513
20738
32402
14517
30249
3621
23253
28835
1913
19025
14919
4506
11688
31849
553
1727
1599
10978
26917
15370
29481
5471
18195
13470
10755
19237
30913
28077
3416
15603
6624
27161
13204
25816
9523
28919
27609
12860
5163
16805
18455
26412
14944
3714
360
28939
16610
29071
1942
17072
23762
3168
6646
1257
5319
12395
18800
31012
24095
1047
13253
1813
3013
23268
15161
22301
21047
14177
24003
22500
31069
20923
30262
4942
27601
6672
12159
22174
12482
19414
29537
27748
11743
5948
7879
17097
16686
13680
183
10057
17552
26014
30520
8855
6702
22469
18267
11934
8301
25101
24402
5547
9888
2910
23303
19904
10994
10910
30921
5118
2385
23064
2150
5999
14496
9087
27335
18681
1246
13884
11384
527
13317
13784
31466
10354
30559
14311
20371
20722
25595
31129
23238
13642
8438
1031
166
15235
20148
19380
19872
31441
18364
9103
9232
12483
32737
5175
25811
25364
29712
31170
14501
27931
6110
12021
28060
22831
20075
30080
17980
19656
7374
15418
13888
20995
24409
29502
30045
17932
20074
4398
3000
25287
2737
3075
13533
16343
28653
26203
29521
28908
7152
19744
31826
545
27747
27926
16424
16012
5213
30120
3537
19111
14641
24831
8834
15353
3082
27677
28597
4589
4030
11518
30036
28545
13597
2173
26566
88
11432
28723
10550
15801
18447
32060
227
23173
2414
11299
22929
22369
10960
21929
19699
31740
6518
5067
29854
25870
1336
18837
25166
5663
24172
11627
25820
23770
830
4820
17406
32099
9103
1612
8576
6859
6680
24258
9099
5379
6607
28410
6283
31334
32343
1473
17196
7012
32621
962
28805
18437
17066
16320
30692
21623
22991
14825
31664
7986
17955
10966
22870
17738
14021
22023
9194
4770
20728
18888
5578
16597
828
6518
15240
28954
29393
7630
30094
21626
12638
20386
11926
3947
28486
24688
23312
31858
24550
31286
28643
21007
30303
25185
32486
28325
9129
22509
15119
30455
3654
9776
10598
1785
23954
20629
9082
24538
6387
8006
20886
32251
3995
10530
7798
24695
15046
13781
13926
2432
28147
28671
26338
9327
7435
25360
27867
14735
6192
6534
28082
19409
8513
13871
30028
27430
14610
3389
23857
30312
26441
4998
20101
8634
17104
9308
16800
3219
6240
858
16462
25328
12244
17130
12170
19021
12624
14577
26011
22324
11296
3263
4069
1583
11681
22139
21896
22672
28473
11941
5028
4048
9847
24516
23985
7834
16443
30823
25976
25509
30062
14296
28334
1909
21485
6886
32312
17109
24211
4233
7903
18226
21850
11958
19631
11970
30023
13316
10096
14643
23313
17816
7991
32393
4286
23149
21878
27045
21510
1641
24569
28119
22500
17239
15181
29705
14498
12093
27181
16061
29387
10559
9111
18083
10451
18090
28851
10544
14380
25515
9594
10375
27501
19807
18853
11991
15803
21461
1683
11492
25695
15991
2071
22738
20971
17173
18511
16237
18900
9855
29409
8278
8793
16413
22272
19776
15391
9936
22645
30540
24189
5016
30758
3818
10835
13764
2270
19538
13605
15818
10535
18835
22971
11897
18117
21792
18513
19058
11099
5325
22728
14015
22038
31994
3086
30289
22028
21415
4582
21464
12423
4296
16183
28142
20426
25452
29500
31454
7800
31110
28008
27739
21671
16872
6394
23848
6099
20444
2788
9482
14388
32211
12864
16243
22614
5387
14754
24044
19928
22419
2459
21848
8494
2357
6586
9314
19131
31890
1000
12554
7431
25108
6507
16554
24685
11615
26837
4680
24125
5169
9123
9246
17207
29533
28685
9991
24803
28139
25635
28828
11440
25299
10985
24317
14928
4635
13409
27381
7682
12313
17886
5151
6480
27967
20551
4039
24977
2048
20624
8052
9719
9707
2562
5700
32436
46
29443
19858
20034
29982
7905
26238
546
6214
12818
26699
16131
5210
9902
2803
31706
24348
23556
3674
19018
28013
13573
31899
25422
16592
19705
31879
5332
1900
29231
9452
16223
2431
3256
6942
590
2582
14324
8264
27562
28733
23518
23299
9694
19579
8395
31391
2964
23771
22941
30821
18195
13698
28531
1749
10073
29118
3345
5167
22161
22463
17723
18700
16172
3861
15514
24886
15465
4954
12576
16787
22226
193
16109
23477
28628
19367
30087
62
3190
22024
14997
19092
15394
29872
20555
3767
18051
18014
19142
3750
25625
19219
74
31382
3787
22220
4332
10323
26170
8505
19138
8689
3692
28566
30753
32292
29698
21197
7368
13277
601
23074
8118
31341
5649
19084
21920
3635
30310
16810
8948
29384
18169
5903
6544
23606
24652
15541
3902
28538
23036
17529
25719
21830
10057
19657
23564
14781
25815
7325
11161
26010
27640
9070
19487
9724
18930
17277
30337
20682
14615
15465
17532
25760
30505
20730
3533
18477
2186
15484
11880
28375
8021
12870
6504
2668
21692
4767
3418
6309
3899
29335
18574
1265
2060
31796
22539
24611
15326
7373
25643
23793
29834
18472
17337
17321
4499
22562
8617
27762
13273
10052
30017
12655
236
3560
2759
6539
3697
16981
29997
29581
20114
24810
13038
11599
13333
2183
29875
21297
24279
6237
2943
31096
30362
32526
12581
11972
32431
12861
21145
26747
4301
13881
32031
14119
25704
1751
18993
451
17211
980
21449
19531
28785
13917
17065
3982
21419
15985
1434
676
27521
30384
12006
12601
20405
8401
10034
30451
536
3483
24781
18991
26559
12437
8036
31087
27194
7121
19571
4711
12285
7506
11286
29264
2767
19179
17092
4584
6346
2385
13126
23372
31642
27278
15772
23849
16290
22037
10793
4204
17812
32215
27904
7269
18701
32463
1829
9881
16682
16735
17482
29263
12893
32193
12194
15109
21021
31040
25702
2246
6772
28246
22918
30700
24110
8726
4855
12076
3057
9915
22948
21425
10372
4626
23561
4358
19273
14483
28224
24049
12918
5363
7723
7666
13246
8450
12409
30818
29979
20440
576
26880
13943
30113
24206
27148
28404
25994
1292
32006
15757
30859
4214
23519
8049
21042
32671
21191
9436
6307
11245
31094
22219
13991
14579
6654
9705
30418
27948
30222
12194
17675
26496
17502
1232
30721
3680
19347
13754
32006
8942
19271
14037
255
715
7854
28851
5720
11291
19601
17776
16307
14284
24323
26506
15723
27643
11940
11430
23708
16952
30412
30549
1479
27683
28151
10789
60
2256
7834
10402
22924
8683
24027
3864
2346
25421
2580
16651
14866
32052
6190
5934
26794
191
32698
13573
1371
20541
31563
14798
5306
18096
30988
3162
8627
3370
19049
22346
28285
31812
416
27480
2324
2526
20616
16967
1098
18636
23576
22562
12439
9385
31025
928
9141
24704
5248
29766
10414
28261
27125
29485
20413
5422
13305
13396
6825
2875
27321
9284
4020
10173
27814
13626
11835
9683
18720
28
14364
29818
13480
6293
8019
7451
22796
13976
26959
31875
6738
1999
14653
30908
1830
1483
29079
29702
24979
3269
32445
13013
16117
19728
27326
7608
10654
18041
13811
1765
15082
29725
8386
11093
27256
31891
21964
26479
14033
21712
23712
3437
12073
15463
7353
22247
23923
10802
23254
11297
22709
23392
10180
19184
22475
26561
24767
14036
21489
12219
13158
265
1101
3050
28201
31443
16397
16132
16494
3159
15575
1050
1123
4654
4007
10053
18876
27405
14693
20172
26626
26502
11084
16414
9897
20315
31474
20328
28657
25739
25334
5054
8786
27207
26193
30454
8669
26380
24179
25290
25941
24322
9732
23745
14912
16970
18893
26939
12322
2157
27318
23511
11712
11588
23492
22107
6447
2593
3519
5535
14112
21278
25487
31302
13191
5179
18940
18653
21188
115
2594
21040
27218
12658
20524
14270
8090
16081
6406
3553
25818
16664
17368
20696
19945
10798
16499
18097
12306
6689
4994
27436
13767
22025
30470
21365
13294
21300
2393
18991
29284
16210
18816
30833
20082
17515
20790
26111
20198
2617
19268
25221
13602
1713
25079
10592
27540
29386
23774
5879
13896
17682
23398
11053
13272
13058
27007
20740
6578
30735
21353
20473
6015
16090
28514
3380
27015
13034
8843
2548
5563
16694
17351
28844
20724
17220
14083
20336
27555
15690
25310
24505
1318
8229
25416
5687
9390
16097
22061
12848
28647
23429
12659
4395
19896
30152
23308
4387
5913
1396
8237
9203
16603
7323
2089
17536
19360
31668
5003
10632
9686
14011
12993
13759
15256
6890
12117
12481
23549
18868
24804
20070
6118
7482
30911
19159
9650
19958
30031
5842
22348
30169
7380
21241
6088
1549
20427
8214
1294
28986
11080
4479
23243
19209
20821
20626
19292
10243
30315
29474
18503
19831
29642
24995
17975
27755
8355
19992
9342
20493
8509
15534
23601
16670
21891
16285
3154
27912
23722
18081
6445
2803
4001
18418
28807
25658
15440
17929
5539
3956
14597
6996
22916
9532
2640
19025
10868
20633
10690
1697
16094
26585
856
11327
459
30457
28438
16541
9456
12425
31298
16456
26543
8903
14335
25227
14047
30824
3469
15526
30499
18658
11439
12988
28303
29773
31326
21306
8961
15034
10935
24635
20099
4586
20146
11863
32539
22854
16530
17574
2554
12367
17531
28902
18157
11476
12647
24898
22366
27245
7589
28372
19227
27828
22930
4380
28089
6682
19932
11290
26765
11005
28990
21016
12857
26201
24036
23125
4208
11431
13439
2110
22014
12814
21278
22816
32414
25334
10385
26451
3582
22182
20561
6786
26725
21511
21783
4007
12024
14547
21733
5724
30534
16839
11359
13553
29288
13662
27310
22129
19302
18390
20911
17010
30711
14048
12437
15792
10128
3698
2967
4664
18493
7842
16136
21765
22273
3434
10927
2245
25342
4614
28021
10279
17855
12190
15596
11292
5521
3136
23734
21200
2922
711
24974
24645
23965
7347
21968
31018
28370
10017
31289
22511
17307
10459
21317
2071
22757
16558
6373
31577
14846
32726
27168
26619
6549
12135
8636
20837
30340
2051
10252
13716
8789
10340
29794
31189
14023
27479
19441
27919
1926
30633
12455
11974
25387
9513
20878
23519
11436
4089
25813
31336
20002
13906
24756
2391
16524
25737
4059
5699
16955
19375
906
23991
19148
7364
11336
14851
19983
16983
29648
23792
14359
5864
1216
6674
11924
1125
14735
3723
20383
4369
8198
7997
2140
30270
1597
16410
30984
32328
15231
14470
8443
27242
25569
805
5185
19772
15543
7143
3006
8070
19659
20732
23775
27574
32597
23837
22302
10306
15609
6057
2090
12835
15760
22273
6523
31759
27716
4309
12705
21510
1972
27137
28043
23634
12915
18924
24092
7029
22915
12694
11741
16456
24918
32106
22209
7251
11411
27336
2563
28372
19269
9500
28293
29283
22881
29303
9062
32751
17764
22636
12961
10034
27516
14249
14673
1535
17228
19781
29716
31447
23659
10977
21382
11713
29963
21710
10066
12976
30055
31818
320
14594
19511
12884
21172
20462
15959
24211
6630
23753
6526
21941
4597
6901
2993
8675
25883
28921
1336
22816
18900
12759
22756
7816
30794
20402
20035
14118
9551
469
747
15616
21235
21843
16462
20414
23430
28114
8485
5305
15413
30437
23240
10625
27026
1615
17964
8500
27890
6237
767
14950
11423
31795
8377
27518
22119
6185
25474
4684
31642
20233
24368
32204
68
31399
28300
22006
3054
22052
1102
8823
21126
28828
8396
18024
1824
776
1351
10317
1201
12789
21804
16573
24893
6694
15403
16944
2983
3659
29170
22699
28476
29334
5098
32470
16856
26975
27363
28959
12033
7925
3769
15853
21080
8919
31525
27306
27371
91
23106
10582
22264
28864
28281
27974
15157
17423
23148
4789
17752
12602
32153
24228
2452
25380
589
6183
25429
475
664
25943
23213
12251
22625
29378
18606
21306
12645
28429
27805
26289
9239
8838
11917
18836
13323
20520
4204
14191
2103
31825
15005
16240
30929
30375
25177
28892
14781
20797
9572
21485
30408
21437
22395
840
8912
3461
14964
18258
22663
3805
31618
13034
20079
28829
32589
14103
19496
22976
23072
8769
2773
14781
14760
20627
6395
12667
8124
31008
16426
14378
3593
30032
4957
19378
17365
2237
26344
13461
22315
25029
1937
32604
8072
22968
18989
24532
32445
16159
19400
20806
30465
26835
5679
27363
25245
22939
2516
28217
466
3745
2168
32
20361
15799
29251
18221
30956
2467
24785
26354
20009
32533
22056
27225
31105
2388
92
8545
7956
4788
4028
8893
16974
17571
18641
12866
15479
13836
29759
28143
9506
24379
14053
9238
24397
17053
22272
22593
9200
28577
16519
27766
25752
29201
19290
16654
32683
26440
11099
30134
5088
23112
17970
15716
8451
26234
24511
10846
2505
29526
8296
15062
15705
18680
10435
10266
31839
29109
21480
14327
16058
25508
23064
1085
29709
13549
16492
8253
7622
21684
3229
7518
7749
23667
9321
31496
24183
29702
19393
11085
21686
14939
11606
29161
8167
7782
30432
28638
4251
22436
28377
31494
29981
32703
28487
10304
8547
1670
39
14408
13150
4210
22929
16058
10520
32042
22284
3267
27272
14210
23896
32251
6006
31858
14762
31019
31215
23509
12973
13442
19028
21999
20007
2204
15994
30245
4916
29108
445
18884
32307
27393
19736
25615
8526
8209
30566
26406
285
20037
16052
19345
8510
5987
30829
17965
19756
14394
31940
18142
6835
4068
29480
21780
6453
4925
8043
17047
23098
14394
6848
28647
24337
29444
7254
25231
12564
19918
20472
22370
2378
4245
16210
23633
322
13580
24113
6547
5377
12994
7617
27862
29833
29004
26484
9186
26047
5595
27677
30732
26133
8863
7795
19843
1621
30154
18956
29996
16940
27957
15060
20171
6269
15424
4699
10227
25281
28138
19855
590
169
26152
24960
13174
2291
17391
2235
28106
3198
23944
19233
29551
5652
13472
30148
19862
18791
14368
16237
12740
25004
8442
15613
6531
3317
21889
8946
25232
32108
31823
18047
31149
23953
25892
23523
10566
16699
13938
1498
13176
6625
3360
16062
25307
17493
18226
17418
8533
32228
14168
5427
18766
10816
32299
25895
3793
30948
31269
7165
8710
26121
2500
17168
580
30930
24819
3654
13332
11729
1097
27276
16805
19143
3819
391
1559
779
247
28467
10414
21280
3477
26599
8161
5759
29460
24913
5013
9207
20439
19326
18685
25290
23817
2727
28262
8748
369
21627
28147
3499
2772
2290
29572
28583
20988
31400
27549
20914
12952
10071
29234
14675
32010
13900
22784
7187
24774
2623
24276
16534
16644
11161
32158
19449
21955
6234
30278
11244
15368
12658
14477
21066
10413
2031
370
27259
14051
6543
1360
20920
8067
31852
16701
10071
22831
11268
25519
10039
3135
15248
6328
28333
24493
886
20040
2361
8834
14144
29274
5424
11054
4670
23935
17568
2277
32394
11073
27985
24986
35
11186
26376
25741
421
8717
5688
27714
8547
30813
10484
22664
188
28354
1794
12231
17422
2793
32503
4827
10604
8048
31089
4707
9239
8593
20105
7083
30705
9855
26323
15022
2278
18476
29213
28430
12512
17174
23508
25310
1891
520
30561
3614
878
17617
4219
31588
25384
5573
23356
20930
17861
13787
20536
4295
31177
31940
20266
24120
26314
29448
18864
27390
26898
9237
4337
25105
32342
17525
24911
3391
23635
23857
29502
4834
14408
9143
23560
20020
20417
9837
17091
18379
5231
4805
30227
4122
19136
17000
24524
1933
27898
18754
13946
4684
30586
30960
5274
8570
2182
9315
4388
3495
24596
19911
25299
10244
23901
16771
3316
8017
8602
10569
4443
1918
27178
8528
8506
31729
8009
10209
24859
22243
186
19949
6194
31496
2870
14298
31797
10563
10118
30305
24350
13733
2002
3269
6537
5390
22604
31186
29174
19968
26727
28200
9163
771
17182
26689
13431
5802
32243
32215
19250
24322
5908
24881
29194
31514
2707
18958
1143
18043
28929
10349
3554
29306
22464
8966
6249
10114
20066
13250
15406
5415
29390
17946
30762
6907
30212
3769
20776
12439
11821
9591
25155
17626
32019
27345
24187
5731
26861
17725
13191
1299
22097
25295
6142
9854
21777
31167
31627
32449
19406
26740
16908
21201
6181
11168
15839
11819
2355
10474
13740
19716
194
16830
23995
12826
25358
19412
30608
14217
10439
10436
28631
8557
978
4352
12003
30751
19542
17281
25213
10821
20111
12789
27831
29716
32636
13096
18536
16249
24038
25894
23407
27694
30633
7169
16487
16536
31777
27432
6156
26428
13168
5509
28521
527
25309
12802
18885
23378
6362
13311
17105
23078
1298
1939
1092
11951
28148
22692
32049
10007
29569
18810
29135
20847
1296
4698
246
14822
14915
13154
8189
10898
28465
845
28351
24809
438
29571
16955
19190
1879
6066
14383
18572
8435
15958
15384
2172
1851
27446
13749
7274
2492
19804
30158
15220
29216
9421
11861
23215
13117
96
9508
32482
19863
3347
26740
20809
6724
6225
31152
11151
16742
18791
5673
27471
11336
22577
10395
28974
6509
28569
26301
14584
16895
22518
30214
13695
12691
25416
4635
23546
32710
9516
32141
23058
24183
22389
21636
16283
26039
2141
16843
11982
24346
13802
7408
30433
14826
28734
252
14717
32252
16455
11399
27321
6147
686
32458
5956
2432
27310
26172
630
5502
11147
17337
12809
32538
10620
7576
28613
8392
21326
21269
17188
31296
5131
32504
859
29022
31709
29489
12177
5886
10669
14496
17145
478
6571
24329
1174
15825
8258
22725
8923
28850
23536
1109
978
31016
16511
674
26409
19713
3372
18818
9036
25469
9471
25900
27770
24986
22292
67
26529
3034
15797
25751
31323
7131
30770
22367
23603
12217
7507
28121
26959
18069
4321
18340
30626
15877
27066
16136
18452
11240
14406
1063
8145
1299
12170
19721
15841
8106
29775
4451
3385
17413
13921
17285
2231
20851
22115
7448
8218
10312
7699
11840
10373
15496
6923
31975
12822
27751
28979
26676
14188
16398
2079
24134
29688
12649
25780
616
10387
20733
10506
21611
21871
29393
31905
25607
9126
8824
31769
3033
4716
29704
16198
15951
17496
7773
28685
31114
4984
27639
10304
1657
9447
21765
26343
19971
25885
27725
25868
757
14850
29385
32075
31073
21427
15809
19285
24743
5258
32409
7533
6288
18630
17642
7660
10065
23912
31909
17509
21803
14342
12482
14351
7009
14488
4788
26984
25138
26673
1338
13997
7639
19412
24151
23166
14528
28970
12878
17226
19253
11660
23616
5747
5393
5943
18184
29760
19994
4211
10528
2937
24252
16799
17082
20294
2250
6246
25248
11775
17524
16419
29076
20613
26942
32018
13397
25967
2236
7045
30447
28485
13897
8486
28781
1471
25338
5451
7827
22669
12200
25815
475
27353
26869
27520
17404
31977
22544
13836
27557
11268
29727
10332
18239
2602
25310
3574
18397
15780
4863
21093
153
32003
23293
11652
14055
13235
19897
27282
12670
19737
20081
1545
16821
24321
18199
19610
18401
6794
4963
29704
18656
28897
24384
746
27888
539
30593
23763
10899
9106
171
23327
3731
28818
1944
14200
24341
25792
11205
12421
10796
19805
7474
30308
18340
25777
12060
27543
11001
6
8609
30147
1912
3674
28389
3740
15633
19355
18282
1837
18500
352
31919
26271
22101
7972
4517
9979
17500
30383
4763
11889
2019
19684
11834
28344
10986
30477
12709
1576
18394
16481
9534
17320
29915
29319
10656
23720
18569
13230
9439
12169
20222
8762
7541
2963
27173
14402
10838
32352
25376
2400
702
6145
11026
11576
23537
27097
22108
23693
23996
1773
15499
31518
7101
14227
8184
23831
12646
10673
9222
13245
29779
8755
30169
9319
2422
18417
14492
11262
19074
22832
3337
26835
13598
32277
12255
24033
32592
24861
27723
26689
3203
6127
30557
3230
25051
6946
31029
9066
6280
17683
8282
7039
15563
24436
23787
26631
10771
28682
9914
15451
494
14396
1504
24120
21045
6284
5018
31183
1718
10731
16601
4352
15851
13103
30901
21473
28715
12285
13897
13030
10922
3421
22205
6668
17654
5940
26821
28909
31737
11176
10481
1733
1482
5101
12659
5763
7528
10452
4951
29960
3563
32066
10348
21230
5197
26986
20666
29632
32717
4286
18793
7709
11722
18568
30573
9505
23305
26597
10422
27364
11690
3818
24927
18122
11054
28824
16635
16678
15407
28503
23522
22033
12306
3739
30858
11589
3573
23522
767
14770
24444
792
11991
25286
17293
2273
28071
30090
30862
20709
2442
32217
21735
10526
31284
5977
22075
24522
32004
11768
5135
7871
7502
27806
3205
15789
15585
24747
14147
5765
6017
21979
11475
884
29842
19662
9889
12944
17096
30555
13038
14726
12409
30078
22657
7000
23896
27931
5445
9482
18735
13663
4823
5138
18417
9950
26524
26603
97
26020
1696
8350
9531
1135
10559
5663
29319
14738
17773
9575
6441
28735
25024
15510
14285
8858
17430
13609
16690
20877
10032
25452
27555
12364
23831
17918
11404
8521
28671
160
13474
553
23147
12128
1439
3096
32311
24141
12965
3692
28371
7631
7754
8176
26519
8316
24424
14382
26132
24593
8581
14902
23287
15181
19236
13508
25617
14348
8771
29100
23783
20512
9047
15776
2613
23170
5293
1062
6797
9254
21071
18376
21644
24282
16418
32318
22397
32160
19248
30042
699
26921
17045
17497
22157
27195
27920
27460
24832
24091
25661
26551
13095
23870
7897
27992
22688
30772
22486
11044
21814
25235
23990
27362
8872
21954
14909
11254
16054
21792
16470
28938
30878
466
6637
13690
31529
26834
16328
3127
2562
16454
16412
9443
18258
2263
25855
17786
23517
12397
20463
26714
1280
745
4439
28141
5275
1650
24912
24402
15752
23479
21201
7684
17920
19575
13972
22485
2535
7926
25740
23617
20253
6716
23908
23714
9460
12440
2166
8762
14842
27515
5150
24580
22322
17576
2871
22048
29845
31444
8425
20250
15425
1978
22085
24834
22417
7005
30578
29279
20477
5456
27060
10611
29856
15108
14087
26973
32587
15146
27670
9843
27794
27174
31373
27652
5554
31028
30971
21154
11961
6852
25983
678
2521
1740
28011
17751
28764
12560
8924
21108
31616
17525
28234
18683
28018
30031
16325
13784
1436
263
1371
11846
1409
29411
5588
17901
29999
57
22157
28800
28967
21644
17422
8513
26566
5519
1840
2820
20135
13984
22302
9479
128
27737
32762
4975
29480
28401
16470
28826
19394
18687
7572
4301
16252
10074
16819
30218
18091
9674
1158
32351
15852
24896
27517
30200
11838
6852
15770
25931
19863
7501
15242
30476
13764
31250
21351
12091
24957
26759
10769
26378
27930
21813
10364
28042
9253
4902
16314
386
7410
4096
8731
21679
19584
32339
10938
11988
5819
21233
28381
2637
26930
29388
16072
18064
17454
17854
27888
6200
16343
31361
18862
19068
10167
5726
12243
21899
15411
28122
11135
16914
15949
16096
30525
18216
5173
14484
1154
12191
6190
29850
25917
9441
22563
31229
21808
28899
31049
17568
7753
32049
9489
10734
225
28656
32085
31489
5253
12440
31224
10165
3629
17965
20105
2214
2843
13124
23151
15425
25763
18447
22330
15180
1352
29087
5106
12721
26539
6787
5360
11557
29485
17752
10793
8035
14911
7060
5479
22899
12551
24353
30702
20685
31181
8675
18851
27963
27251
19410
1101
2968
20873
13443
8969
15533
7126
32607
18342
32044
32697
1240
12767
18577
15676
22123
13587
5789
11188
23998
28898
15988
27787
18300
9516
26
23934
8675
28349
20265
6093
20228
4384
22347
932
17130
12278
22768
32240
20292
763
13932
1849
17823
24555
22434
1437
10194
27613
5820
8826
10119
11961
11438
31184
24742
21580
32665
9274
26003
11032
18403
14769
14035
5519
28087
2625
18714
31257
13427
5150
21604
10379
16129
29867
14478
3552
1765
23296
2047
9646
29565
12006
7733
16690
27687
9572
28707
9672
370
6176
26758
19679
31985
21130
29575
16808
9884
25191
1437
7620
15282
13480
11119
12821
14835
3775
16634
32039
6924
13205
12500
18461
9890
29941
10491
14117
29295
4287
3858
27751
4241
8593
14275
27396
185
11424
28604
20981
18259
8303
25134
18328
27708
3680
18063
26544
21656
26597
739
3268
14922
31005
85
28611
32102
20539
31283
14415
26714
7440
9742
8654
23517
5390
397
22211
23510
26929
5586
19657
18905
22038
31140
15334
833
24355
4487
21713
4509
26090
3668
25251
31045
17206
5080
28798
3049
30327
1160
7958
7296
9084
17664
9906
6635
20445
13981
32540
10557
27876
31232
17416
28125
28090
32221
17558
25865
18773
29349
16298
15904
25476
5687
8395
32542
5537
12154
6704
30619
26416
15079
8448
12355
11133
9140
6683
28450
25126
16856
25426
11364
904
3946
10739
19711
10955
9844
10548
13664
15754
18363
31853
29150
13587
9512
4541
11994
759
24099
30029
19636
23830
23112
17582
10860
8895
13248
4536
27092
27882
3273
26163
10964
28087
5691
7763
31822
1007
30220
17542
25630
32728
18983
20647
8495
6423
24007
13324
15784
32695
20592
9028
20541
352
24721
30494
3274
10159
31451
25462
4352
7577
10916
11053
10119
4633
21521
17353
27117
27354
7802
32214
7676
14479
23335
28798
3457
10933
31427
13562
12717
28189
14224
1800
21049
21463
31521
29619
7176
29147
2099
26679
10752
3695
12485
31086
13992
29984
17907
24650
19106
21236
19060
9672
8653
15218
19716
20443
24890
12113
9913
26434
17618
17866
342
26971
5051
32337
32432
3880
18494
24364
22377
25608
24766
3319
18353
28537
31257
4340
16720
1689
13935
15842
24562
18251
18801
7328
22028
26767
10928
4525
13349
32222
5639
22281
17367
22699
30835
21242
14999
6428
12278
19361
16528
13191
28058
20068
6017
18225
1035
7599
21258
15925
12982
26312
32076
2326
9764
4243
22323
2561
21609
22796
16631
7826
15985
7684
6616
22110
28017
10016
25004
31421
5012
23650
19369
26590
23758
29126
32708
16717
19142
4662
17380
17008
31526
15663
24066
31744
5739
29263
18566
32537
20600
5831
1674
32156
18101
19421
9210
2390
30011
32286
5968
3444
28833
30340
30511
19974
156
13260
11755
20115
21277
5884
11085
22523
13127
12554
17957
19766
8631
11180
21359
10332
23535
15279
25491
22707
24172
6807
21849
28802
5071
10474
13508
26971
22751
11553
21084
21996
9587
18926
17348
13310
530
9355
16778
1393
24707
26658
10434
32341
12191
5532
25546
5717
25160
6755
24924
2955
31184
29847
30089
10512
23393
17216
23569
32267
8287
26977
7553
15269
2064
30682
3662
18468
27509
29092
17994
12476
13311
16389
10461
20773
1618
473
26598
15185
20426
23042
23204
25594
27659
95
2500
23633
22634
15967
31172
18850
23300
6933
5780
28079
10377
17075
1476
5093
16606
20684
5253
17409
11993
13361
32716
12475
23882
16711
13493
2919
14636
14417
31426
22464
15779
7503
14838
24112
9847
22381
26588
19018
22875
6100
5783
5868
1557
31883
15762
25788
1107
8343
6811
16629
16857
15784
5291
142
8914
6936
29591
23715
31551
29923
5012
30511
16056
25069
17477
15662
19475
1564
18778
22273
14246
31674
12743
15169
19908
5715
23420
15773
16662
4208
25959
24993
19487
9322
19317
8170
22273
10410
18217
26217
14185
261
6615
2241
22996
8917
30369
24629
27920
27722
6207
31583
17155
9777
5764
26478
1335
3119
31081
28778
17358
19124
32716
13367
2808
24566
4532
17064
25158
462
12178
19633
13393
21813
15189
77
16637
18649
18972
5465
15227
10564
19233
25487
31334
27682
19946
29795
5412
541
28969
30712
18158
21864
10618
18134
10032
18625
5684
13370
69
24582
14271
29010
26783
14918
31182
26479
10589
7918
22929
29238
27433
2260
15147
6705
15028
11100
21635
3352
21607
14582
12267
7915
26896
14144
28412
26344
7755
23008
1121
5780
28129
31672
28315
15788
1476
6679
26376
17660
32574
20680
6247
9326
13728
15413
30638
23046
31563
31058
6751
32547
3124
13179
2602
29096
24195
1691
20191
10669
22946
14099
22896
26381
11712
9932
16678
15948
4964
17493
16610
14709
22284
3662
13123
2158
1654
14607
12466
13793
29562
2067
12441
10179
9736
3173
26926
74
11432
20883
11250
12554
2853
26762
21088
19671
28119
30572
2379
13357
9679
29148
25111
22935
26008
25857
19177
5127
24262
14618
26639
24439
7355
28808
3348
14767
12340
15164
27391
12522
21165
4052
10453
30218
13494
20051
18531
4663
5367
4434
20056
31145
21381
25350
19334
25307
12560
18298
7170
19129
24199
31830
10140
9461
24347
3360
16754
21668
5145
32580
30722
403
29816
307
29731
12259
612
12159
24077
12823
6028
2797
32103
1164
8277
13653
29527
30490
95
2460
2287
1989
15703
10054
6510
10652
20638
17264
3609
3501
31874
19119
23842
3713
15345
25882
10573
5562
29934
14847
18264
8503
14138
18467
11838
268
25385
21205
19616
18388
18477
8117
9303
24105
4923
15963
26999
3448
27132
12824
30103
19328
22811
6311
12298
28415
11651
12858
32470
5727
15657
27226
27655
28424
2295
17033
25942
7117
13257
4011
23626
14161
22180
20662
30266
26530
26302
25365
3314
26992
21506
29067
32558
14326
8403
32141
20256
31154
6761
27030
2634
3390
6455
9002
13468
3030
14025
21006
9642
26912
29997
3030
15873
29392
14845
7540
20790
18653
20613
27286
16411
14129
9861
1372
1908
2066
29679
1307
20213
17632
3331
30433
18420
32256
18005
1795
3892
18294
17597
2824
16018
30729
20370
7994
18372
8449
29594
5843
10259
6788
31102
32254
26426
12561
31848
4895
24464
32010
8557
7767
30738
7838
13351
30971
12355
1325
28813
19320
23306
4893
28123
21256
17152
22779
21627
1894
18390
23809
5216
25841
3031
23425
5199
241
21033
16336
1358
29649
22386
2057
13048
29593
25440
21752
2406
4491
19391
9228
7173
5207
5415
27988
22730
18209
22538
11437
16485
17537
12581
193
6424
30436
30390
24626
29423
18688
11906
32386
15412
1181
24472
3719
18319
14093
15247
11879
9351
12355
10588
5103
26524
20076
7691
28934
31040
26079
18371
23007
17575
13107
847
30749
28715
12883
9889
7368
11930
1650
16692
31411
10818
32106
14976
19418
25131
32218
32001
25522
27386
31037
11344
22433
5658
10281
12840
32664
26774
2816
20992
6618
24626
11470
16657
22374
6766
14209
10100
16853
4200
16791
20928
12462
1519
5027
19919
26273
30668
3584
11039
5140
11766
3670
21478
24290
603
19582
2473
27447
27422
5215
5696
17569
13291
8962
2468
31454
1633
28187
26659
22505
6802
6663
29925
2226
4767
2092
348
28962
7059
20560
26236
26056
18379
1511
14880
12402
10582
28205
31252
15085
15860
512
23634
16219
1550
14516
17876
26439
644
12683
20889
14966
22731
31179
11239
27650
6296
25264
15196
10958
15006
781
31305
24661
29503
15521
28915
28312
19245
2860
2959
24361
5638
6577
22347
14589
1361
3726
8945
12192
13595
6427
21306
8825
28682
20267
4125
25543
10176
23862
7950
21142
8026
20704
25069
16295
2909
8316
21975
16911
9106
18319
13117
27278
17324
21724
21789
31604
3406
1649
6899
26003
8982
1591
4646
32086
7442
16299
178
23808
21575
15557
14469
14576
18997
4023
17667
606
30809
16862
22486
23777
29868
27564
2854
10704
8232
18884
4089
14676
26093
22731
2744
26393
18066
17851
13312
32707
6561
18226
13629
17253
13228
31437
15209
419
4974
13165
27108
5205
30614
17646
1433
12902
26037
22824
31113
8573
6909
972
30188
31670
1641
31896
795
2828
20284
5113
25869
18159
6975
233
19689
30628
18593
25853
10211
25274
20195
9487
8738
242
17309
9325
3270
16086
3459
13421
8128
366
25350
18644
2202
18370
8133
19913
26297
7717
16520
22329
29476
16578
12842
1490
22835
13063
20659
7107
10219
29662
8867
9422
21047
8536
14003
12845
15723
29176
22848
11712
17499
13103
28381
5406
9778
22240
14852
29644
2389
18995
29856
29855
8105
12976
24675
5789
21447
16612
19858
13451
19760
11922
5542
31038
30974
27852
23437
10228
15130
18706
23138
24546
11342
15257
25151
16974
8449
29534
8747
24439
13906
24539
17332
24608
27857
11051
16271
20434
29950
32253
3689
12274
24892
22522
4459
8990
10896
25234
6489
9887
16277
295
26883
29874
793
29497
9110
20835
19990
15818
20789
3711
19000
16011
8221
24514
21101
32352
181
28114
792
9547
26933
11213
24826
32328
19017
15254
480
11203
18213
24183
23755
11864
19872
783
3815
29806
31861
1813
1086
10982
27666
12566
14067
5679
7840
22845
23427
11669
9468
8395
31743
14050
21638
16693
11943
24520
30022
19472
12083
25276
21953
7273
13474
2446
32159
24898
23477
1565
25581
3741
4349
1223
20912
400
19894
3199
2942
475
1690
6749
21001
29219
27032
5610
27537
15296
30478
16664
20443
16601
26387
20555
10392
14254
11351
14233
18276
30662
27625
14274
17775
3357
9954
22804
26602
28358
9192
26196
12978
31858
8679
19897
15832
20284
2999
8532
19277
21055
11181
9253
1698
10742
32443
25189
26106
928
32121
7196
7085
4920
21558
20586
7500
32483
7790
26445
29450
10641
30244
17676
10161
22490
22708
15928
20980
5942
24789
18173
16738
3300
30818
3028
9680
13537
12493
6054
18685
27910
16937
11377
14164
559
29436
8775
4618
26177
29728
30380
8523
467
27170
4009
8451
3289
1308
9229
24656
15878
1537
13421
1132
21637
28195
19444
5798
11600
28543
5840
19548
26651
18595
91
5403
12411
31408
27008
24303
12850
1687
24925
9650
24433
32368
32111
6866
21084
20484
15817
570
13466
4752
19494
26750
18610
18098
30648
30090
26236
31240
15261
27922
19919
24098
11925
26890
17207
24835
12000
4149
6678
20594
29097
3817
29663
13779
20669
24610
25771
16981
3843
17215
6104
8563
17382
24553
25613
11318
10637
8163
869
32027
11404
20738
26511
656
21917
30048
1513
12697
14534
1902
552
7920
10288
32044
24343
30518
1148
3984
17043
21028
27597
26240
29571
7926
17522
15099
16054
9923
21978
31379
22837
15759
10928
3239
24424
20403
1366
27927
14735
25034
14236
32007
31878
30581
16436
9818
4104
9583
13428
26157
18915
23812
26797
17686
15846
25170
8426
9045
14125
28412
29307
29253
6895
26843
7743
16185
15499
25827
12884
18090
26323
20390
22334
13293
8958
26770
2406
11668
2339
5353
30107
8138
12942
17657
24882
23052
28593
26384
30425
19442
32380
9507
14583
1893
12592
25846
22232
5497
24839
8737
17267
18185
14072
880
14516
13765
12702
13826
22417
29866
24902
20170
14056
29521
21344
1224
1506
30153
5834
17085
15055
3338
11743
4289
1947
32759
19143
28859
3955
28875
19728
2190
17487
20588
2005
16677
27569
13564
18460
24850
30465
2838
25089
17598
19822
11127
15760
25788
6145
1683
18455
25298
21669
16286
8482
30932
22653
12590
1126
20301
20157
431
9825
27263
28749
32130
31686
15075
8891
10621
27566
7989
22642
14045
28025
12881
2717
21668
4810
11058
28594
15528
21255
8770
16845
14931
17592
19557
8669
18119
25368
31744
6955
25453
13194
12141
17815
22982
6020
27417
14918
27560
7583
21783
6045
31484
24597
15504
4635
14366
15452
21046
4612
25154
28671
22091
618
13198
17293
7372
15911
4264
6544
23216
2554
15250
29104
4268
10583
3971
8790
16196
14520
14541
8030
1497
10072
2254
8379
32407
5167
8253
4200
18122
1858
15097
17145
4910
18617
28484
29034
9801
17158
25088
2989
5250
511
3285
3375
17059
448
32702
20132
2503
4936
4816
16716
6139
25618
2416
19052
2126
19345
14132
16090
26525
5215
28205
807
6315
8789
12642
19413
8690
8898
31370
31816
4079
17972
9811
6014
22284
1838
1156
31340
19313
30735
11851
29054
16226
19213
25509
7451
23832
3351
32095
27413
21325
3081
19710
29963
25295
2423
92
12695
17178
27533
2689
14591
9098
23531
19661
13386
26327
15921
2132
28776
21851
24682
32047
15695
9869
6083
6130
20072
8626
16848
31673
27120
16172
28936
32686
12380
8560
26146
23036
13404
4296
16719
12393
18732
32098
25739
30399
13768
24250
17902
18042
989
17592
13756
28829
24922
3545
25358
11648
20564
15818
22473
25899
28979
32289
13125
14225
17658
13535
8707
1688
3237
25534
30815
11229
25780
32704
11378
387
17098
7472
25189
2871
30985
19926
17638
27468
31388
17744
13897
2384
6544
30391
3626
1163
17791
11772
4722
9451
28391
5565
11346
22327
31356
31562
17410
25066
22217
24094
17361
2343
5684
18289
29389
8528
11306
11827
14894
25264
18903
23368
24015
26591
3466
26464
30483
15176
3668
27847
3599
8223
22753
15837
31457
557
4795
23675
10314
10428
1073
22007
2368
21485
32526
813
7465
560
12995
16041
32708
9859
20
24404
10111
8441
18204
13463
17504
7349
20241
9191
10944
10409
3319
16610
26494
3424
22528
9547
25754
21725
7864
18741
14725
29823
24594
19687
27205
31285
25097
19825
21586
3143
11576
28764
22892
21848
15447
2011
21669
9481
29611
31351
13437
13290
31206
9523
30798
28935
7335
19805
5371
10324
19531
28035
22174
12295
18674
10142
1055
14361
11185
29422
31147
20409
3004
1608
4357
30505
18227
29636
19304
8699
2163
21759
18657
16009
13826
25944
31150
19659
14116
18900
8080
21495
15198
13417
24629
15798
1795
23785
18747
20192
3200
12350
28602
22926
5308
26388
2173
26143
11795
28407
15721
27994
28063
2637
29104
6742
8782
14606
28379
3271
24326
9278
8290
7148
9494
23374
2145
10213
22113
32645
4782
4297
10522
8896
11478
20874
28328
23820
26441
8884
26396
31160
14662
10027
13148
31631
901
13259
29617
32111
2948
4609
7950
22434
30550
12172
14563
18960
6722
8669
25922
26588
8542
21054
7208
7729
23035
88
9651
7047
29078
22885
31514
2880
7701
10252
22309
31718
29305
26756
14719
17410
8410
21991
12952
22381
23133
16492
6003
8244
24125
11827
8600
10077
32763
19801
16181
22191
14506
24642
9152
11819
14318
9646
29373
23365
17432
17097
8832
2383
19418
4805
17662
5531
6227
1255
24645
23454
26422
7792
30789
32609
15798
3305
11530
10874
19885
18478
27117
30101
17497
17646
6939
16713
20999
29978
15141
10333
8479
8360
13602
26967
27515
27620
27861
11453
14429
26843
12017
27336
4813
3603
810
30960
29358
8536
16868
30545
3359
30463
25325
18660
3816
22167
31640
18154
25678
19609
32705
4728
11347
12787
32508
29991
25133
5160
29698
26261
22989
11255
32195
8481
1140
31014
23395
21251
1624
4144
27528
19192
31737
19780
17832
12027
7071
958
22478
18671
26865
12867
1064
25969
1555
22836
8017
11115
4253
18236
29901
28928
20393
6643
15885
32460
14174
10223
30160
26350
11349
200
31578
303
28285
22181
7950
27406
30273
17572
27390
26355
31062
8896
8601
21349
7116
7006
20505
10816
30078
13433
2047
3835
4077
19470
25079
15433
355
7015
4021
24881
30657
21230
10557
3108
17613
4939
12009
19554
27952
6118
10876
19099
16709
20043
23525
13218
23583
3238
1639
535
17407
20403
6937
3805
23215
18420
6697
6823
28705
7623
5836
22895
18264
1798
20940
25351
28536
28649
17193
24895
1256
23436
29081
11563
5953
26496
10865
27513
28566
8090
18819
24773
15141
8323
13013
18882
31917
17240
28067
5054
19250
23055
8261
10270
22958
18311
6726
4296
25045
4820
18522
14157
22025
3099
28336
3922
30869
5228
18862
31052
6641
12028
18119
13568
21366
9836
12023
23479
20330
30369
25494
13025
24483
24827
14908
27981
30567
10084
12961
27040
8657
13780
29274
3503
28057
4832
17159
1442
20554
17377
9289
18525
1420
26329
28637
6965
25274
15672
24647
30225
5602
23290
5187
16877
12796
12869
1149
18756
20410
17390
30290
10640
27112
6552
28111
21330
17678
18235
4306
29013
6186
2784
6010
32374
6281
29419
13826
23408
9994
5718
9774
18820
5838
15690
27836
17255
16654
13552
2152
4604
23694
32361
13832
1697
24681
15915
7404
23068
8445
32663
6681
31742
6817
16564
29679
22244
16895
31240
21423
10176
17595
23663
5320
24674
28380
27540
26901
32533
19930
21156
16133
25578
14023
17270
11044
23441
3746
17586
1730
20098
17304
28148
12529
8750
13831
1845
17733
24757
9998
10148
10031
2056
21250
16507
2482
6283
22985
12442
1535
26011
12396
4009
11494
13160
991
25870
14333
25507
2953
3370
27804
32356
31525
29831
2880
14692
1081
15791
25250
4233
21100
29013
12567
28727
13089
21689
31894
26913
30770
17936
28799
8797
6995
5672
13990
21873
931
32673
12323
31200
27213
7937
6279
18987
24575
7937
7590
20
13251
28236
24174
10485
29376
7148
9862
15403
11767
15552
6416
6641
21462
9896
3652
18213
22144
32752
9823
11073
17183
12809
29652
32697
21263
7360
16175
15864
6848
19038
5024
4022
1952
16855
6609
29266
7952
4117
2112
22617
15816
9197
20559
8534
13085
29607
23618
6408
23614
2238
7329
17017
9280
8294
9848
11084
5080
28113
29070
15050
14403
24719
19714
21892
31794
19035
18759
22065
19167
10341
479
3543
21418
18436
9966
4504
16860
27796
3480
172
20651
7595
19187
7576
6879
17626
26680
20066
9901
14913
6690
15320
2450
3698
24938
8845
27023
19992
15040
8635
1780
7253
9028
18445
31208
6296
12553
25994
24792
15210
13622
7972
32315
31807
4827
27165
19121
23423
9499
17158
30064
19070
22331
3978
14696
197
13808
12567
24404
10814
30612
13938
967
12516
20000
20121
23840
31612
8047
21757
24464
10338
29532
9153
23897
2541
25278
18537
27962
6420
1340
23740
28104
650
26000
30593
21326
10781
24921
14844
27028
11295
26688
26474
2609
11673
12022
10753
23442
25910
18300
15963
32517
13232
6151
5448
15445
30627
31298
10640
26085
21436
5563
22101
28582
2060
26601
12778
31630
16689
806
25043
27440
16569
13599
10632
22741
11753
15907
159
32172
10737
5767
32417
9902
3856
30482
16479
15652
3985
13364
31885
5042
15900
22615
25637
26396
2805
2662
16974
10203
11688
3150
32618
15950
32499
7209
27129
28801
25142
28959
12869
1804
12726
22388
15221
2593
10732
30549
11193
3329
30209
20326
20529
19200
4850
22162
13420
20572
21019
1699
17892
8639
1477
31534
18969
18427
26985
31605
30603
29355
21829
18263
10000
3545
10401
30806
31770
17970
5497
28562
6400
30023
5075
6873
10297
17393
17556
25279
5334
4400
27432
12346
19745
22672
4840
24263
26706
7904
15384
2437
15112
13117
1303
22990
4481
12768
29591
29323
5509
32085
32661
13747
8244
14504
19309
31889
19306
23074
4307
18612
12731
31416
26651
26718
30673
30836
9407
7526
15748
22666
23481
1572
13741
6186
5949
16098
29926
12877
25502
19571
9567
5717
12172
11250
12238
9686
13833
16512
9720
17640
2232
2261
28608
20419
5963
28973
20072
8847
1025
1769
21060
8901
27684
19563
7801
16188
14348
21800
21803
8329
11336
16895
23033
5947
14058
26720
3441
998
7576
27441
32666
25523
5221
8044
3035
3789
29535
31534
13253
32102
21224
951
4932
31210
5990
22917
27072
19910
6770
23181
8024
1303
21899
14531
9470
11362
31794
16279
26356
14004
436
4368
21014
15486
7066
15888
7370
8426
27111
20733
17208
13094
13518
23534
27703
9168
25872
13063
12488
9549
31808
27963
25351
947
24700
31187
11945
4641
23598
25079
10171
28030
6320
20382
12308
29265
9580
596
30560
20948
22547
30884
6155
14199
5045
28965
19579
17798
30229
3775
19372
4707
9768
16160
22011
31218
16485
26037
26519
9092
25517
29511
22046
29628
27275
26601
31303
465
31711
29148
17554
30769
28930
21724
19614
17171
18704
22846
11284
644
11002
9036
23208
25671
4244
27740
13740
18189
9954
20222
3106
5381
7046
9850
8458
6091
13706
13536
6259
12111
1613
19936
13519
7550
23940
4487
17151
31090
26933
8764
10115
14567
18163
15494
16924
31841
1312
3235
17642
4923
4629
21067
28954
7998
9046
7746
16386
31092
12034
18267
12332
8796
23261
3639
16098
29736
1802
20655
6428
1448
4740
18299
32225
22745
20410
20664
4449
12526
31293
16597
2977
7291
30359
14890
13793
22050
1907
6179
17399
15703
11284
25914
22839
13060
20086
26230
20930
14751
4274
21147
20390
18035
14343
2011
15231
9707
30908
15155
11604
28611
32484
24564
18422
9413
5610
22780
14445
14791
17977
25939
26663
4183
22505
12085
28894
12546
8541
4933
20417
4251
16286
23638
9867
30915
25311
14648
7589
25028
6634
8
14529
10359
13450
22777
17481
20975
15950
2794
5761
730
17612
19870
29927
8080
24129
7384
23609
20638
15364
17913
27100
27325
10191
15040
18341
24891
28927
5996
26307
18271
27225
13521
5316
28925
583
10663
9228
17713
16173
9818
27303
31453
32676
8801
12051
8672
11401
23030
17636
23027
28742
8326
31430
26501
31898
4260
8885
18395
2663
9038
32239
28326
23913
10298
2811
9009
382
13749
8434
29162
14799
30679
20904
820
762
6167
15952
2673
6531
2982
20204
30843
28038
3943
18761
538
32622
6923
6942
3183
30337
19888
6718
3863
18161
11101
1091
32195
11229
15145
8438
4919
8175
6463
6866
28689
8083
6649
27145
2969
5267
21494
28530
13879
30653
10024
22655
8095
5070
26773
19059
28564
571
5624
31468
21437
10352
28822
9517
14312
5716
486
14070
31135
17249
9329
31841
18597
1013
29147
32215
14758
28111
24677
16458
15491
29215
3151
8619
5188
13257
27655
24185
24589
11922
9995
18833
303
15562
2859
21711
6662
11181
31818
31210
10672
1745
5142
23737
13281
863
2995
12912
29606
6454
16480
26609
2412
21143
26212
20778
16924
22000
9090
24395
27512
6799
19087
10020
14749
8012
14293
11278
29386
21420
21709
31693
4306
29846
9568
17545
13776
28941
4986
21354
22796
12772
8284
13296
27632
23554
14215
2253
25756
24531
16524
11934
3356
23510
22088
12935
18004
18209
22641
3136
16411
14874
773
26494
1996
5032
10659
18460
22356
28058
19020
27911
29768
14608
28761
6569
10117
7661
28743
24851
15237
15797
20842
14883
22524
27334
1653
1980
32306
14329
26355
24097
23107
718
23394
8487
9250
29294
11940
7455
4944
4785
25178
3461
20174
24489
26664
19450
4303
18142
10621
541
29525
23480
14407
21128
25071
19662
5169
10175
27858
595
9310
9392
15581
24050
18409
8395
32441
15553
13698
31297
18248
24747
31838
15204
13552
178
18436
2402
9793
5896
16514
19784
19172
72
14355
1925
17352
14177
27282
21639
28619
13034
13704
32176
13167
27746
17505
19489
7274
12112
14918
30159
31860
24184
11942
14624
28605
25718
1971
9296
1145
25238
713
864
5982
13588
14375
3114
21068
972
74
12537
18519
74
5412
10285
17393
13299
16622
20501
15053
31672
3021
24774
29338
6094
23192
14665
31729
3496
8077
3440
14303
9906
30380
6677
30873
15429
27570
10938
19471
10443
14932
26815
22797
27261
20044
2754
24284
30693
24641
29537
30378
9122
29954
22857
1631
30660
28181
25011
16107
26584
19912
17901
26865
24298
30630
20740
37
6495
22725
6941
15989
5110
1451
11056
1602
32445
14185
28921
7523
25636
1441
13321
20924
6258
26117
28711
9130
903
16780
29343
13102
15059
9930
20459
20938
10693
27878
9610
8949
5900
11598
27801
25989
13997
9628
17577
22961
2625
17057
22729
5799
14507
27915
31606
12970
23919
15396
8307
3160
6669
23019
26878
10690
12594
30355
24519
14620
7337
8085
32648
28386
27753
6351
17464
16877
23352
28925
555
32368
30168
17947
13825
14191
23113
31576
31257
12683
18548
21243
25320
30620
23294
31634
23654
13599
5467
17136
15319
8906
2382
4712
27823
27544
31447
19243
12643
28983
28208
6401
13248
8059
801
3683
16189
15974
20148
6656
3146
2957
23489
31647
6022
5513
25178
16652
4268
18071
807
30921
2560
8075
1703
31059
29341
24983
3321
16921
31033
11330
24821
6813
26171
20275
8118
8527
30906
5197
20724
132
1467
19557
2816
15270
19461
6449
28364
15442
23048
21007
31516
6731
16902
6450
10917
26273
2507
10396
17763
8687
1811
30564
28149
7366
8442
9508
2418
22025
31466
9231
21809
4254
9026
18977
17069
27772
19754
13722
12056
29781
14482
189
5062
12321
32437
21432
27350
17493
14611
12285
8120
27894
17872
23492
14148
1738
20433
11770
8863
8234
21847
29170
21974
4693
18172
338
12802
24109
28676
11906
6295
30314
15237
8007
5759
30884
6213
961
5412
2629
15405
26508
16632
28173
14184
14730
19204
11857
20936
23968
17431
32018
26802
313
1547
30805
19895
14026
11538
5243
11235
18782
21621
698
4442
23163
23103
5162
21316
6670
6201
18020
22546
6947
10458
15629
9568
28090
23858
11522
360
29799
13814
22158
14894
11691
22163
25894
24817
1308
8287
28745
21542
11215
20351
7712
31441
24512
29369
30125
16970
3066
23083
22359
18207
1248
6993
29650
28177
19027
7641
19629
8483
13734
15794
30767
4670
14787
27732
4550
28039
19533
582
25400
8335
6461
5856
1096
15391
12912
1820
31987
29961
12586
24283
728
28732
31967
8049
24719
23684
151
16262
30920
11209
12469
28922
26878
6629
2912
21275
21217
15685
11413
5049
4488
5564
5927
9434
539
22476
5229
5156
20489
10612
32662
348
25381
9509
19632
24627
22960
26078
2230
3550
137
11031
8331
9964
960
22429
13890
15010
29288
17765
1423
3069
20159
7822
10756
3009
24121
4368
21686
11950
13526
2146
4607
12062
5844
20186
20982
5386
31293
20576
20859
30404
31653
8931
4416
15599
9389
3726
13824
24476
1656
18227
463
24540
27921
11169
1989
12359
1772
3449
17280
11306
9800
21244
23296
31050
6164
28197
30271
22288
31770
5994
28810
4113
2253
26781
20864
13577
1554
3468
3811
24853
16249
12336
15004
30548
23670
22946
22059
25009
18019
10360
30504
7244
26169
25925
18795
10127
24146
28956
3508
18132
18628
15538
19458
11136
857
24644
8035
16103
24072
31993
31565
7141
22428
21213
22064
18
21365
15612
20319
32425
10424
18899
21849
26558
6525
25332
7327
3596
26261
23336
18913
27123
23912
30618
20846
15054
16719
16259
20819
15906
12939
30362
14708
32267
3631
20421
15083
7019
4621
16821
31775
3139
17497
19778
22459
28085
13087
26506
21948
13017
21665
8066
16946
28696
24510
21555
8133
25431
27461
2753
11854
5523
26425
21982
5449
3528
20136
14610
28629
14297
4287
4335
25240
2180
8807
14687
17631
19750
12935
23686
1260
20908
13326
803
30559
12817
13568
7582
4721
19033
8910
12499
28525
4256
13728
18525
476
7153
7337
17874
1861
27284
14411
32270
21070
9901
11031
32280
3741
953
2700
5141
3556
5590
13799
2553
26511
4236
2226
30241
8542
11497
10904
27785
21206
29452
18399
1651
10317
1262
22815
16366
21774
18294
10373
21846
2847
25021
18631
5364
10283
20931
4043
28818
1952
8125
21475
2883
25959
23884
22733
9551
30399
1017
22323
27844
15271
27628
29037
11845
23792
4695
5813
1657
31898
1001
18265
18787
3170
11043
7588
31929
1248
4464
2418
11371
24543
22315
28850
14615
16118
9788
26270
6407
17212
11762
9582
25474
9237
5111
28794
5225
6539
6046
4629
24542
7230
22812
32288
7618
13010
13218
32249
778
15239
23645
26271
22658
30912
10244
16142
23085
16600
10691
28081
16168
24697
10736
1224
6291
679
16598
18249
9758
7321
2286
23262
22691
18517
19086
20708
14456
29264
1173
22392
5496
8302
14647
19155
28742
17447
3296
29886
28357
32663
18174
23040
29653
14827
11033
3795
25331
19556
21067
20905
26183
27769
1421
2214
22800
27031
23247
32091
32676
3725
23225
26637
27106
3543
15075
16436
14055
8554
21233
25187
21161
64
31156
11199
6411
17856
19856
17532
21447
19559
3497
2335
31185
12850
7509
17593
25549
21134
8890
4408
2466
6346
31923
2515
4294
21076
7452
11378
11207
7623
31856
22165
2298
1724
15319
17024
1079
19198
28759
3940
10869
27251
17279
22659
16356
11046
1605
9337
14391
16185
22392
12858
10114
19954
1766
860
6351
20001
2669
14002
7398
24535
19298
13996
29952
1961
7185
15021
19288
11665
15666
18642
1038
26078
3539
19947
12103
24431
1015
2973
6294
9466
7603
2140
22017
5332
3982
19146
17592
11738
17886
12815
2392
11892
30399
11121
4540
30927
26954
11126
21598
28584
10389
24326
4680
21263
15044
7675
21758
29763
24729
31182
17445
5493
18199
21828
7598
14345
539
26553
11381
25256
8031
8434
325
30341
11987
24394
11363
21875
12523
15824
22789
1357
5828
8833
20972
27725
22518
28721
24132
286
31890
29602
5149
4965
20280
26099
28060
12203
5261
20021
8279
19480
22299
24689
18170
28851
10896
1318
7365
637
26413
15408
6446
21516
1307
26726
6662
6882
8721
8246
29191
11193
5964
6868
31253
11118
23061
16899
31643
12674
1303
24300
25188
16725
25252
6697
5693
6192
9174
29720
26001
19800
23896
28909
3748
22258
25580
14966
22788
22251
3598
16343
19580
8381
3140
24832
32078
8665
20539
4610
22889
9403
31612
18883
8751
27101
24321
27846
17167
13479
25910
23720
9019
6541
1870
5169
14114
21797
12541
17239
6216
11320
15741
31472
9400
22183
7112
6939
2481
22551
2828
24763
10878
22308
13765
15070
29830
6162
20582
26209
8706
25949
28142
19500
1863
30168
22661
15764
23780
2317
26993
2642
6824
4461
5050
7609
27956
4655
19705
8551
6561
21152
8588
32219
19716
27314
25836
25948
32709
5694
22060
30066
15567
27955
16762
12812
22078
16745
25749
1120
28861
17847
32700
6225
10829
24170
9228
13294
27341
23223
12260
10317
29246
19522
5602
20611
23591
6390
31302
16642
4277
105
5421
18434
10430
3654
14605
14518
20116
993
23009
23481
22710
18850
24715
25363
3124
25265
1991
9829
17798
25336
16572
13017
18277
20709
31812
3522
29255
6782
25848
31889
10896
25915
9808
22225
24713
31892
30739
25169
23958
24669
31226
14757
4624
28337
12741
14
13243
23563
22343
10920
1417
32607
22947
65
13193
599
9532
13665
8473
1601
17701
14975
29106
29234
17257
9808
28134
12610
3929
7770
23765
18049
21652
32638
14403
15251
24662
24315
14483
30984
15569
31926
20154
13417
29219
24427
28797
21165
1315
17948
3348
22859
30145
27299
2693
10471
22416
18660
7087
14450
23313
20856
7528
13856
1709
2089
25295
13046
18385
2329
23920
4088
26525
4174
6945
17493
14717
27248
2241
24000
3638
11994
29761
3376
27927
10553
1322
9492
22491
6653
26336
14389
13449
6467
4089
13383
23407
22520
932
4123
25496
12874
8166
21790
13544
10559
1245
20651
4118
15049
8043
24535
11313
19775
28690
20056
29918
16622
23376
28392
17911
3327
17826
6844
16681
3354
22313
30833
25607
12603
12961
31302
18146
11029
3841
7574
5796
2491
30608
20629
5173
23539
16482
1323
21836
12758
683
12664
23686
7531
24150
31352
663
3000
30909
21460
15523
30841
26940
29416
3661
31891
13697
18217
24087
20216
14384
24136
27466
19296
13941
30105
5147
13877
23290
28777
9953
9779
4559
13982
29457
2760
22215
20421
13263
26937
11982
30540
14857
11843
23114
12437
13045
9054
2249
994
4577
2410
9745
16174
1347
8173
1000
11315
25157
14317
15066
23156
31506
2685
7325
15135
7696
15047
32044
29117
16622
20582
29287
32186
18579
18930
28426
164
18027
13956
12994
29813
28267
28149
10705
4676
25647
20179
12029
8087
29383
27587
30396
27733
17799
11826
22225
26243
19535
4058
20190
22535
27668
18812
28783
4724
10089
32070
10456
3684
30858
19022
32601
14723
29975
25384
23459
23149
20234
17582
15425
21105
5866
3630
2739
10630
16189
19346
26562
12802
16733
27798
5056
13576
17674
6514
7903
868
12383
13826
16698
24586
16937
5775
8269
10814
19775
1082
13612
6662
15244
1826
25008
5845
7122
11347
3254
11071
26169
11981
19692
17580
390
8632
28121
21086
11013
25231
15456
18510
10458
16524
16070
22132
28695
7932
13025
4658
11085
3276
15316
5326
31422
22618
14699
22102
14296
28171
17425
27731
31697
22246
15829
28361
1641
29096
860
4686
17548
30674
13501
31723
1532
4202
18301
7947
3240
4597
29095
4281
28812
11524
7391
8478
26592
19339
19729
20739
17378
26399
25119
998
30812
3408
5553
19271
10885
13381
20723
14076
5607
5445
5448
11495
32428
3997
6402
3771
8022
19287
26217
11436
30241
3697
11108
14320
972
19939
10547
26037
30742
1545
26881
18842
22458
2201
13827
10464
18698
24010
10795
2624
12456
5531
4217
5788
2398
9000
16695
8345
8223
23998
27400
29905
27725
21815
10860
20391
27811
21568
24125
6810
12561
21870
26321
22188
21369
15877
27815
23407
22487
1968
21389
20061
21820
114
19537
27518
22708
15158
5192
3964
8675
25745
27925
456
826
28917
4962
9515
21351
3922
29113
17049
30998
18684
11318
5030
14367
7450
16697
15005
17307
8933
23
6932
23796
17703
12692
1579
6816
6066
13316
31948
22035
4146
18333
17668
6873
23716
16667
3128
18249
8979
20041
17721
10840
4771
12028
21657
7895
24205
9701
31342
22820
22774
7317
1000
11645
30321
4763
9301
27699
17793
19048
7981
1215
8189
21066
31043
16712
31686
12444
2891
2632
15298
21307
27086
29228
24243
27848
30732
2636
16157
4126
8732
3863
16835
9451
18147
24947
30672
14523
1207
13747
9406
27360
16508
16151
5107
15241
14147
17715
10434
28060
20046
27826
17464
22642
22352
29175
15463
19506
4036
3626
9855
533
19715
2960
14219
15992
24480
15264
14190
12210
25104
4890
10989
16374
26785
23524
22279
3391
14143
16860
31043
16585
23732
19645
19587
27125
28282
10358
3595
31489
4331
20737
10071
30200
11315
19953
17537
7464
22789
3744
13108
22554
9725
10184
17706
23618
30487
7221
5242
5151
11970
30998
12501
11925
25428
24894
26462
1981
11579
4471
15537
11766
4160
5103
15029
31374
8145
23771
25785
27072
31912
10048
25956
17358
2597
5806
5850
27414
3206
17449
25478
326
14304
743
6268
4589
30636
16333
23617
16661
597
15633
10767
28952
28058
6759
25134
29713
15260
6900
10612
378
11599
11712
7263
15194
4801
17070
16136
18995
26494
1838
32596
3828
18882
31617
24853
18151
32514
25643
24258
8420
23611
19763
29583
29207
30585
11987
23996
2248
6964
3228
3126
21360
32149
29522
10559
2030
8761
1100
12692
1507
32205
11430
19935
6614
23167
26637
14443
9775
22665
6314
16837
30548
25330
4731
23149
19842
4988
20938
14769
16790
28976
1910
32195
16097
18860
21920
5381
9919
30095
9979
14526
316
13529
7597
22643
6778
31880
25767
8258
1158
14689
14880
5901
23215
16719
23404
9113
21289
12699
26930
21357
21224
9235
26905
143
19073
2659
6812
4873
17595
32157
27047
5140
26775
20451
31725
5163
9388
20378
14933
24671
576
30483
13104
13702
10303
22132
800
23695
13430
13499
32157
24983
13409
31126
31104
23746
24742
20460
14411
26180
13427
6861
4846
31452
4825
56
3885
30901
24917
9741
13067
20865
30437
24124
28395
4978
15563
17356
7558
1998
30011
7779
9088
21750
30080
13899
1456
352
19498
29507
22489
32204
2932
7710
31952
26002
3383
14650
17104
6165
12634
13088
31930
14121
30756
6362
6806
2163
25404
12420
13704
4377
2556
14925
11114
16146
25401
29691
4523
31704
19066
6362
14393
24347
3747
60
28498
8521
30803
11370
86
10380
2217
11760
2581
26804
9757
29625
2128
16435
27846
19538
19980
3851
13205
7901
22815
1035
30832
6727
27385
7960
1634
9676
32742
25777
18626
24054
27997
9115
7703
4949
19291
25046
18728
32474
21767
23837
19485
7877
12985
14893
2717
29690
21260
22018
14705
14191
22676
26976
13187
27762
23942
17754
19945
4882
6219
8150
7678
10797
6616
20056
12087
21714
14226
854
16673
30848
18467
10701
25219
13786
32520
10116
22811
31721
5293
9294
10071
23004
12942
10603
26624
25530
22961
1387
14945
20681
26677
7946
23493
27300
27426
2848
25315
23117
11606
9923
25832
23183
30596
2461
24888
20235
23982
19714
16648
13668
23556
18128
5953
17251
12920
8774
17515
32374
3134
26136
12748
20270
23535
10693
452
7386
17431
28256
29343
25175
24002
5872
1244
6207
1605
17142
17324
27220
25651
3203
29280
10413
30927
1761
23026
23892
15726
6413
11757
24468
31291
16919
6323
17968
14060
26511
4672
22353
14809
31650
1808
18461
26994
23500
23026
17675
129
10574
22269
15364
12591
5074
16785
13221
15509
23550
16047
2693
13893
1830
4014
29567
7201
23652
14643
22262
20755
17330
29458
12564
20666
30339
16928
18975
20096
17753
26517
7262
28972
14122
23752
24360
27184
31967
20889
14968
20134
7889
18138
18782
23752
3287
7071
2932
26
23211
19374
18656
4665
27783
19343
18417
21011
25270
18291
21818
32095
10602
6391
12071
23921
24820
27867
9308
10591
18625
32296
3490
6801
25266
13878
6815
19839
21806
26213
12271
4023
22625
1263
1898
19581
22126
28298
13929
10904
30295
24393
16282
14845
5827
27214
12127
12698
13592
20791
4132
26403
21712
12288
29022
22445
11810
20990
11827
5724
32103
4278
12596
31997
27230
25896
19836
9529
27695
2545
17051
25856
31204
29698
13251
21562
23916
6641
14552
534
10684
7471
8604
4727
22367
10752
28925
2976
14465
10606
9425
22253
31780
23345
2911
5026
610
1922
29491
13882
7407
9234
9038
974
2310
27648
12451
22941
1070
27337
19773
31857
32584
30288
8992
19260
23636
15363
26884
14275
7079
5416
32343
11038
16045
842
8831
21267
13102
6085
4527
7081
5820
4484
12257
31684
13184
6630
25429
6332
26778
26046
14510
21184
27605
6796
4014
2062
1077
17073
7891
23820
25254
3919
19572
30873
6631
10028
17617
4679
6745
27585
29678
18439
29145
1219
21685
21071
27509
23631
27739
1056
27119
26874
7872
31457
21686
14266
10832
30709
6879
25855
19620
15596
15322
29171
5457
1153
15919
12318
6118
2772
28090
20517
26505
24263
2429
2057
9663
19802
25759
15797
17887
28698
19754
8760
16592
6969
30731
18285
31165
6679
32579
10043
10853
30118
9743
22556
12490
17335
14279
32433
16219
3619
13985
8456
9136
10492
16773
3256
5883
29442
6043
21979
14951
24859
20632
22456
29365
31093
3847
19202
29559
11214
32190
18612
25060
25213
9660
28806
8316
20411
133
10807
10964
32354
31538
16694
29797
9095
13209
11723
2983
16088
28478
3430
11392
15053
411
270
22705
30262
23798
10221
28892
32026
21377
16448
18454
17272
1791
2387
11283
15090
4739
2488
9312
11771
15279
30544
21138
30820
29773
27695
15392
5535
11432
31061
31018
19750
14817
26725
29973
24710
10482
17303
3242
7261
13493
2397
29452
17654
2119
1212
3884
17702
21036
1538
4428
20965
10437
13004
12400
14588
25109
2006
12760
3459
17167
20333
4525
9047
22938
13239
24291
13930
2959
28235
1650
20287
19406
29306
13764
23679
17188
4727
31165
32605
14238
29
2852
5128
8103
16087
19387
7262
29314
25259
31023
4065
272
27793
11402
12565
3819
6107
24963
31300
13162
6060
15734
5893
21068
31786
22424
21956
21337
10352
22812
27325
19060
5480
4829
11135
16601
348
21388
12399
19001
906
1559
26879
20658
28297
1259
3373
16725
16731
23915
14133
2611
18211
25200
22580
21141
13988
25431
28651
18052
4130
25028
12424
28195
16396
23554
7508
11652
23162
1562
21004
19053
29023
13275
2394
5751
31788
26790
31036
1147
15698
26013
15309
16415
24303
7506
2198
14973
30902
30865
10363
21766
870
15235
16205
2176
13731
24742
23966
18394
30268
5147
4506
10485
1957
7469
32230
12139
13646
5971
19449
32753
14984
30491
11413
3301
14544
6826
18446
13554
12179
32203
11102
12902
26995
32446
4436
10481
3162
27598
20739
17243
7280
1683
13255
3488
8998
9269
15357
32257
31320
24898
21572
19348
28755
29001
4567
31183
1626
12075
24757
12934
9366
7584
4853
9850
12042
22595
16839
31654
22239
24974
19393
3294
30750
14189
30773
641
30344
5348
1809
29067
31576
1379
18182
23816
23526
32569
5458
26529
13534
1106
17516
15344
10048
25723
27208
15676
26397
11808
19128
9412
25087
20244
14399
14734
11592
420
22263
9333
15443
31942
16486
3604
21320
13643
30159
29082
16680
24745
13159
25482
4729
25049
30412
31523
24812
12761
8879
10223
27125
25931
8065
31605
19592
6205
32639
31302
13469
28723
13427
6706
22907
18816
4016
6891
28417
17304
23793
73
27665
49
6599
27301
32276
28216
17564
5093
19037
15660
17798
2486
15291
30207
30616
11120
25541
15202
20577
20869
5478
4883
23654
23386
10045
6556
27845
10925
21301
19712
23626
6158
16844
30935
29874
22181
10008
18306
13506
21699
27057
5594
17302
27516
9681
16276
6712
1625
31248
26406
32
25680
23181
29579
13712
2293
16639
16671
4501
29405
15014
29153
1501
49
4359
27871
25313
18094
26680
17922
21176
19484
29132
17479
18874
26865
14812
11533
25954
17457
4525
12885
1031
9243
32174
24709
19515
27436
19070
20006
11034
20297
31674
9440
28233
4724
12608
2438
20649
14178
10298
13651
3741
30718
21082
8617
28076
30588
6229
4536
20459
29133
28817
23923
12306
30006
15033
24862
10754
2240
13370
28499
17217
28189
29525
32571
10575
3206
14865
21818
1374
32607
30327
12991
6966
1696
8731
20463
3557
13687
10885
1611
10192
21512
1552
7062
12370
3178
14971
25413
21655
4480
2364
30839
307
18575
24360
22885
250
13942
3429
27435
27129
30954
25033
22257
27633
18693
3697
17325
5769
13562
6717
21798
26319
12903
2806
10610
13114
17784
24867
22410
13646
19254
23751
10905
22922
4664
18295
26990
30171
1473
30021
9413
2034
21752
1174
16141
5735
27645
28528
23492
8422
30991
23341
5256
3632
3657
6799
17037
21665
12634
11033
31527
25083
25398
4269
22536
3195
1059
5797
23725
4306
32592
30479
10251
3430
9422
32312
14826
21559
31948
28804
10797
8951
17259
21841
19314
11317
2863
30937
11875
30014
18834
10586
24432
19459
5142
18718
31054
10452
12813
2414
14231
14409
24992
20407
8659
24333
25647
32124
28545
10495
32284
286
5593
32649
11345
8857
30624
26006
30576
5433
27747
23489
5262
911
14061
3654
18086
26393
14580
9455
31191
21286
7525
26413
27668
11819
12093
26524
24687
17931
5830
12908
535
28990
21574
28891
16645
22070
2384
705
26608
32030
18742
14187
21580
30743
17656
9413
6966
129
18697
28704
24780
6877
16107
19875
14667
5094
2417
584
24362
29450
7251
4094
6313
13565
1187
8897
19769
23841
18420
1674
1332
11330
18671
30532
12552
6179
16037
20281
26649
32200
3429
2241
21789
32513
17594
13986
19133
32315
23048
28467
12978
25042
21238
12968
28046
10803
8229
1629
24853
11159
28755
23418
18407
13885
7742
844
460
7649
13138
31087
28959
15085
22055
18808
28804
3480
3456
27527
76
4647
25655
25013
29398
32704
10602
3604
26729
26587
4844
24120
20828
1387
21844
12853
28315
10059
24705
16126
15672
19149
28959
24526
23285
5291
8160
26246
6949
19642
22656
23652
25006
28126
4366
21738
31376
2826
19973
16101
17228
21286
5414
3884
14973
6929
5306
18232
17339
26599
29137
30694
13459
18630
32199
10441
15245
23305
27596
21553
30075
26182
8025
19882
25947
16889
24220
4473
8178
19561
15724
12327
29671
18278
7895
30347
24825
15058
27057
102
16868
26088
27663
24692
31946
17764
12676
32572
20248
23042
29045
31091
725
4444
14694
5687
8946
21882
31615
329
3978
15653
29657
11156
2156
1051
15916
16538
31079
5364
21490
27529
2489
29170
32369
25048
16551
15601
1479
26491
24070
25786
3713
27271
31283
24516
22745
8319
4917
12035
28283
3631
14965
4108
15288
26808
13865
27262
8803
11992
8252
942
7664
10993
27923
5987
1783
26845
7018
24443
2988
24452
2005
27706
29065
23988
23907
15694
23182
10958
22955
1232
30878
20101
684
3723
992
9041
12432
29281
24156
1766
30899
25011
23769
16473
10377
23560
7900
4824
12867
23473
32154
4866
26807
25426
18929
32694
6902
4282
20865
31898
31964
26033
20417
3838
23632
6449
28652
6167
8131
23107
8500
3164
11367
18412
5998
15136
24555
20377
23468
2936
3037
25758
18344
28503
27309
11600
29837
30078
12485
5304
29851
28536
18088
30478
22550
9325
29267
12031
3363
6931
2028
20080
19909
27033
30307
30454
8498
30730
32556
12894
29594
15647
28547
7963
22448
4687
13015
27917
9541
31840
3975
28763
971
6922
19506
788
10359
10320
21987
20885
6265
21657
11314
4502
16875
24993
15849
13794
10749
9739
12336
12505
7473
3411
20099
12755
7370
4822
15019
28401
18792
31273
19597
21209
14366
26434
15892
14007
17768
18559
5354
20004
13977
1237
18968
6391
3192
20602
6226
15255
26764
16983
25876
10858
16592
8851
5313
6222
17228
21293
23486
17035
27542
19535
2419
27086
28131
5005
4126
9544
14254
151
30018
24972
25138
27271
1639
327
23676
2331
25814
16683
29937
11859
31661
20301
29667
27163
13501
31289
15887
21104
17121
26226
20314
17720
8153
24940
12416
15276
12224
8696
10339
4362
11448
1578
16548
2175
21938
21108
30176
18203
28538
28630
25189
26338
6604
18306
24793
29600
17274
9186
22272
22001
26971
22630
13050
24685
21203
11770
14673
12171
21656
2214
1479
28920
13022
12102
17369
4522
16325
8542
17793
6253
22668
4323
24123
11555
28003
13339
23835
19752
10648
25500
8672
31397
32422
20891
15319
17562
28432
2956
21856
10917
16027
15866
3494
5770
18027
17726
8687
26846
30700
19758
15226
25974
14803
20696
7277
16198
11672
22754
6776
27502
6403
19632
28082
25486
10183
86
17975
26946
3988
30137
25732
6947
7356
41
7314
21276
25470
5388
26810
10656
20131
27095
15168
30740
27087
16458
30311
6465
541
24146
23313
20252
15016
31861
30511
13006
4033
19925
27350
10749
17309
32026
19134
6684
26038
20699
170
9003
30775
25840
22858
6113
18301
2066
22096
19629
4033
23342
23174
17189
16380
20760
14223
3950
11333
30657
23682
26982
22339
7627
13288
20195
11249
26205
8531
32637
28270
4274
20984
7448
16273
21415
9402
21125
15399
17794
25840
24865
24013
22327
30068
21086
12864
11183
6111
18356
11988
5591
3457
13101
23477
25889
29459
26507
2528
22152
13335
2236
32320
8633
10688
6836
8766
22018
11605
21868
14617
18931
12373
16597
4897
25652
20719
14767
6019
19085
6132
16088
2116
21481
28095
20394
15486
5597
25340
19871
6287
2329
32656
31441
16541
1446
30405
12403
786
11735
9845
1505
3582
9330
24339
26279
749
18322
24383
17314
24265
6025
15186
11520
29483
16926
26211
7774
16329
14310
1524
6010
28088
21925
23280
17814
1401
20354
28534
24688
26680
23629
20483
10625
25290
21954
28043
21517
18013
1822
18953
7241
6266
1117
10816
29831
28527
5575
29347
19738
31308
16660
13210
17291
1294
6348
2646
17922
12764
29232
17147
29223
24414
17060
9651
7587
16756
24130
16481
16298
23141
8117
10923
17312
18136
10531
25618
1686
31516
3307
11626
3610
29336
27080
24655
7360
631
32073
31798
26100
4295
211
22459
17166
1524
5135
5956
9809
8350
8998
5667
4979
8626
22065
18899
19513
29355
29539
27732
10235
1587
11996
9542
7366
18990
5778
19972
1139
20028
20811
16925
15660
12387
20596
6368
13241
17879
9848
4524
13710
15526
20210
8957
15190
11569
7935
8717
17236
19588
29546
18999
7548
25131
9296
3503
24052
25896
15719
27729
28460
27058
17716
1842
25955
25227
11091
31708
24724
17402
25833
2123
5239
15745
31872
18775
3098
12338
13037
499
6172
31361
20209
13709
24557
172
15308
21035
17978
8379
149
17146
20959
15270
5293
4215
30748
14006
29878
26310
29094
31667
14000
7157
32568
19841
24053
10220
31036
30099
2138
20678
9653
12835
13435
5181
28876
27758
25495
1557
28876
2258
18316
29568
851
22689
28256
4809
1705
31214
1933
19518
10225
16727
27283
22885
508
28968
32742
22870
10634
14304
4517
9699
29320
26418
9811
19038
31397
7471
1339
2403
21319
4778
6068
20773
26496
4025
28127
20757
16597
6713
10927
27171
20017
7906
8238
11702
6911
27582
4936
26841
4231
12097
343
12735
30906
8907
19321
11345
11017
4602
25181
1982
23913
18937
2219
19524
3277
7102
3818
20804
22560
23428
23030
22152
2725
2846
2717
32447
22283
14062
30726
22310
16491
18116
6492
9293
22259
6198
10966
867
