9188
22357
14788
13057
17184
2555
24211
11294
86
12883
4573
18941
13806
22668
25472
5034
4663
25987
10546
11257
4993
40
29358
4378
20628
25948
2969
3568
11457
24281
10652
29008
30155
2223
14652
16231
13478
8647
8443
23035
5439
27213
30150
20395
29058
17864
22079
24489
27275
1576
24209
16938
29769
26092
273
14784
6652
588
21318
12100
11408
22801
8167
9624
20745
20690
5078
622
14119
27380
17084
23095
27319
20525
23240
1445
9768
13146
23203
10596
32378
5939
12517
11865
2677
4258
7444
19801
4317
15600
20620
22269
13152
28535
1931
21458
9373
31139
31421
9226
4937
22864
11483
5121
27073
1157
20159
25647
522
7751
18641
12605
18576
7079
77
16444
12768
27937
11291
24845
7444
3778
29944
25125
2829
14685
8825
20227
31102
18809
17803
16630
28272
7492
5058
17096
24306
2787
28145
32515
14610
3080
27211
5041
24824
18668
3629
14208
14857
22741
13228
27123
24100
7211
24224
6269
16248
25373
2359
13578
20966
3991
5648
6471
12368
30474
19471
31285
13840
4863
20643
797
4381
10525
26749
30691
26003
17065
32378
2160
5658
16963
28573
26368
28298
13168
1971
1427
30457
25444
26251
19544
20935
29414
5037
18485
17240
21362
7547
1374
24724
19184
27671
25106
10474
22283
17041
15925
17219
26452
18966
31823
20078
10986
28125
30254
20843
26946
31518
32680
1158
11985
12718
10550
7957
15719
25874
6313
696
6781
15900
20394
13175
24650
8460
8239
29279
26572
1000
1005
22465
19390
26449
13047
11937
26027
16522
12707
23300
29776
13137
13754
20947
11910
29052
14244
2769
16440
22146
7663
29935
12678
32394
10109
8911
22496
15617
4475
16987
29419
15778
3655
23865
28769
8365
16732
10775
22148
10912
11259
3590
23934
6713
11075
23806
19502
28914
21564
22825
11654
17913
3429
4486
13429
2373
15646
11034
25905
29780
27618
25824
18581
23213
21558
10759
18655
14410
10028
20766
5366
17301
4855
7270
30920
16490
4529
2066
26294
15663
3781
14387
16666
7522
15699
20066
15673
7837
4075
7319
4343
21796
22555
27389
3522
20071
23175
26432
8300
13270
21084
19155
27980
15421
22478
11311
31077
1021
22642
14363
11689
20005
6063
29194
10258
26670
22986
27502
15464
31481
4870
11324
16712
1627
22344
25940
11240
18167
9738
23325
2003
15351
2498
15952
5118
4884
9061
30418
26585
6343
19551
6222
24545
13858
4476
26481
22603
16442
8412
27426
6061
30836
14424
7876
28715
11368
5784
3559
21597
15123
29443
623
19575
22827
9549
28256
1802
20970
23742
30394
12027
26103
28354
15235
8806
26431
30758
10578
26158
30538
17872
28619
13052
20508
28649
16625
4602
28225
29094
24331
30159
28959
25085
10860
20496
21223
22963
10621
3593
30724
29776
15038
16690
30852
11039
9507
18977
27074
30339
9834
3680
26688
26885
30628
19384
19105
11601
23166
6659
25514
13084
9996
5166
26613
6675
29177
20764
2115
5806
4465
8830
10416
29638
25195
6305
9880
26066
20713
30442
8412
20028
27719
24573
7159
1200
25547
9763
21132
4079
16640
31476
26669
32526
10823
17770
18338
29071
32543
20712
19444
4165
23638
5779
16193
30632
15768
32354
32515
13283
8336
26780
5923
5057
7764
19917
20638
13606
23710
13006
10767
21589
9005
716
15175
20533
30425
16797
14384
24001
12656
20620
8460
20238
17912
19134
8853
6872
25752
26521
29074
22184
21132
28065
32645
8399
11145
12405
2391
16365
27440
12509
14251
19773
5889
23555
26196
12540
29854
13898
28076
30094
32108
19601
23687
10228
12550
5543
18381
8851
5733
16949
14800
15076
28073
31328
27936
29416
2688
30109
21345
14330
13637
29026
31185
4058
19255
11928
13716
8290
15551
8418
28748
6412
31555
2999
15078
27108
31365
15353
3295
17929
1559
21439
14774
31571
4975
1452
31069
19667
21347
6420
12255
23255
29785
8263
9881
13064
25414
14864
8420
3711
29696
21846
1234
4188
9826
11045
4665
31050
3888
15160
30362
5251
21637
30152
11739
6592
10261
13692
1827
19465
7535
9121
21112
21929
1477
1804
21102
23180
17509
19413
16564
4565
26828
26976
24331
22619
26356
23745
15604
26262
15288
20844
12463
15552
29530
10850
4489
31429
18220
20260
20780
15021
16622
29136
6723
14488
12566
16258
1055
4297
13235
22224
4699
7803
15608
28744
14578
9899
13203
4338
4339
22688
11556
21925
17848
18785
10552
13479
28204
6483
13410
12006
4169
17325
6481
14131
320
13741
7611
180
20789
5682
14671
10339
32019
2108
11314
17209
2650
8220
4557
16541
17588
10187
14559
27500
10694
8144
5741
29202
7812
3857
18784
21220
358
26754
18484
21620
11126
340
22376
4939
11018
10969
6359
31543
23570
17189
23905
15677
30036
24577
28432
2423
6551
14080
31309
28217
29179
12135
6239
9298
1264
16989
2302
853
19308
21165
6719
10224
7128
12229
12818
24283
13314
11693
26802
13702
12192
19096
26648
4587
25340
8694
16777
9173
3491
29418
27051
24434
21162
9259
7805
18697
3150
29957
12700
10478
11434
25216
17056
17637
20503
21451
26613
13232
5903
23139
9495
16472
23058
5022
6876
27338
30525
31360
8478
24524
19870
29149
5274
7530
22310
9984
10081
24101
28544
27581
31970
25091
18013
13464
28437
22288
2379
17551
6596
17949
20096
16705
7022
2053
12487
370
27481
15469
10141
22648
17944
2746
24895
2798
8432
2473
27531
3696
24684
2284
26758
14522
24615
13822
14693
18475
1061
22988
2438
19065
25960
6049
28708
22222
6802
57
7758
5362
13132
29958
6032
30161
9915
19446
7939
480
11675
23491
26457
3271
6113
23276
20744
29700
16197
24312
2708
9132
4664
16107
26423
19901
24882
13488
18527
25281
31057
20889
18422
29567
7275
24124
26765
7513
19763
26479
16216
18853
31042
1708
11426
22623
24978
17469
8508
9993
27733
21488
17432
1993
15828
14840
27910
11565
5134
17143
4305
18211
31086
24392
9782
11951
27843
13946
10451
14058
31946
14762
4
4749
1161
23862
13338
12638
8793
10806
24166
1597
17800
28847
12039
11421
1312
539
26646
7441
26578
6348
6051
23300
1644
15486
274
18842
8596
14737
31271
9166
16431
32398
18610
14488
13415
582
27571
23650
12984
21368
29757
31431
20537
21148
7217
2939
23894
19682
4715
17358
17311
5170
1111
29096
20253
10348
31535
28609
2222
903
20414
21443
18732
2402
2688
1870
7017
5259
26265
31356
3737
25907
9893
22959
9537
24549
26524
20054
10390
5497
28813
18881
12682
26129
6244
603
14626
3530
25059
13862
14165
25806
13073
11303
28523
4427
25632
10763
14906
23184
17718
24620
7913
4777
18366
13737
4829
4193
29826
17372
14821
29558
18797
18905
28133
30994
14039
27716
31348
23003
22215
11718
9021
2904
22855
28754
13649
24944
12930
13701
25907
32204
3795
23869
27244
22694
10886
845
25561
29132
17651
23144
2471
24498
10028
16211
1725
32030
17099
9035
7486
32468
16411
24867
21515
15765
9195
16204
16643
24606
120
32746
24855
25468
204
22035
1611
14418
4462
29880
27931
10356
3489
21563
3550
3507
205
13742
28971
21507
8065
22421
3217
6789
9050
909
8639
5302
19182
30181
13493
32156
9924
16721
26390
441
20725
15455
5391
16502
16843
7960
31699
607
22109
2389
24068
4037
1678
23688
4268
13848
28191
20814
909
20826
7606
7115
11511
3578
18964
136
6496
277
13892
26271
22803
4282
15533
5613
6069
32754
28162
24139
20204
30162
20409
32381
28064
17019
21591
10087
27068
18520
10361
13400
5065
29651
25077
13046
22259
2651
29622
16175
25931
23752
28440
15213
29512
9910
8217
1184
22071
20064
16374
24712
7696
20017
30054
279
7521
19387
28996
20080
19906
32226
11351
16655
26234
28586
10974
29144
12878
12839
16455
31824
1689
21595
21258
14292
29330
28308
24690
30867
6056
19544
11456
32700
15394
30735
12566
15810
12033
27664
19686
15290
27546
3219
5850
27056
15436
23182
16447
8745
25215
11416
16257
27599
3396
4245
20168
15756
24758
27677
28414
31424
3591
31392
14919
3157
23953
32741
14237
24988
24949
31930
11494
23874
9320
23365
15203
6399
17959
15918
25552
31240
20552
15620
24434
22532
11536
31085
1820
24150
8227
27560
27907
6168
23037
11112
26829
4440
14502
18501
21343
15519
27949
21182
25377
5447
31241
9502
568
22727
12824
26577
30974
4029
24684
27059
5844
16125
83
21801
4831
10625
28042
2309
16414
31869
4658
15980
12030
14398
1365
9466
10072
8128
4219
4224
17660
9353
12725
3603
14846
24409
21758
8681
26219
4277
24912
27455
10045
14492
13702
9689
1213
20201
20709
1003
21679
14766
30082
17440
5390
20062
9198
2817
30406
18336
24776
670
26061
579
2399
17065
7910
9386
11106
23894
28955
13722
15158
28128
16001
12423
31923
22524
32589
17131
30300
21116
29607
23459
25351
31
5370
14443
32230
5328
1175
26741
25013
25141
11116
17026
1938
11364
28506
5248
29587
20840
6736
4871
18385
275
12300
7777
30776
23834
25781
26232
3293
850
1562
21227
20471
32621
1795
32187
430
24831
12887
29397
13557
31961
4189
29955
15564
3044
15700
31247
4301
11941
29300
9064
3151
21932
5026
3973
29939
5000
23030
13200
16174
5632
32203
22422
15457
7954
26444
15769
5844
21163
30502
25437
28529
126
2950
7042
3913
2332
8172
81
25635
30233
5773
16031
24182
10045
11532
30996
19263
12449
11518
31691
31050
27764
21395
26976
12590
717
31074
5907
30305
2257
26577
29106
28514
5522
18336
31752
12269
9257
4452
15503
2834
1413
4004
30093
3760
22090
20374
1437
11734
28136
11245
30214
3566
14218
29459
6984
19965
13897
10169
29417
18724
32006
21371
27200
11519
13229
21349
17517
32502
23292
26328
11755
24172
1670
27307
11428
30604
15044
14444
15479
11638
12001
26544
24286
28286
16735
507
16914
19386
16128
10147
27643
27432
4980
18816
6417
26169
19656
28484
844
3837
10585
6941
14864
11886
23427
5131
28330
27987
4661
1993
16870
5046
12693
25091
28033
19407
12051
4615
9456
8881
7683
25961
23719
31498
20987
21637
6460
24368
19161
28135
3798
15050
19566
19989
30696
9675
18834
7515
19025
7213
26922
22399
29866
31448
32310
16358
15954
77
24629
26632
8626
17678
20410
31669
22458
30076
18004
20126
2210
35
12098
13821
31538
16845
8308
18792
2929
20477
27494
5020
1361
17398
31034
31411
14069
20181
698
11762
6225
31056
13377
13951
31313
32234
12633
27701
4959
20282
5848
17559
21266
22398
19144
20574
20930
8339
18160
24795
29829
27416
7835
29455
5506
6776
22484
17270
13939
29770
21431
5089
17291
28885
23228
30163
10422
28984
17827
25774
31814
3579
30816
5065
8317
32209
26038
7192
29815
17774
27418
30742
3841
11358
24703
17083
13091
17846
15164
25152
26023
22945
6249
6406
31804
20258
25074
31107
13237
13882
19384
20403
2189
27050
14141
3722
18080
13037
29228
23962
22428
26032
13104
19011
4805
23121
2692
161
28344
7717
15761
6489
18093
14513
28446
23178
13034
9183
7661
19373
24976
29928
25632
30130
11219
26812
5046
19584
6098
31801
17082
26982
18814
12367
11992
30438
32452
13916
22254
22260
20084
23307
25816
12081
23229
16202
16719
14589
6318
24220
4059
2592
26397
22191
742
23734
22113
7608
7243
3210
28531
233
21496
24574
18432
14345
6212
18276
3036
18688
19305
27969
22409
3026
2675
2818
26091
22189
5459
8276
10496
17675
22065
18387
5820
15179
29309
31971
16016
6371
1015
3108
16793
16150
30823
27316
2078
31301
28941
18793
3933
15198
9119
10152
9585
17603
2612
1150
6406
126
1587
11621
19278
8618
21531
22030
27338
3749
2437
15266
6273
21213
14190
8661
17898
2713
17525
2185
28187
23412
18020
32762
4959
20080
8638
19912
10334
26130
19873
15159
10997
19999
4811
25888
18723
12257
30380
21765
23097
32728
19811
20601
20317
3100
3394
28304
15822
13424
14258
8790
23661
8029
19774
20746
27343
25276
14532
21296
31089
6504
7547
9828
9579
12508
20381
1195
31657
21199
10880
17364
15757
3399
22864
7756
12651
28129
468
12326
14086
8831
20209
22116
18289
24501
605
24641
1008
12394
6225
28162
28598
21761
20651
5658
6952
29485
15864
2613
7682
10860
16902
13391
13219
8515
14495
21710
22036
17290
17328
2948
10560
23217
8577
12034
25165
20031
9699
30794
556
8992
11816
27427
798
16396
28396
30332
22783
30757
24860
929
28767
6858
28831
30944
15130
19335
3448
24174
16305
9113
14304
27012
5088
28075
6528
23246
16840
14580
8689
25737
4761
10630
11954
12299
24390
7943
12861
31337
8503
21049
20923
22292
2880
12600
26744
16321
21107
9218
5110
1586
17245
16295
7868
21904
1807
31950
28350
11596
1802
11817
13237
28993
2003
13089
21295
17585
30956
2506
20270
29513
28403
14440
24115
30624
15001
21189
4634
5557
22108
20378
11250
11275
16474
28829
23963
9451
18532
15159
20016
26029
25756
16882
32608
5526
15935
11020
18332
4847
12211
16466
21996
32628
11445
13748
26433
5075
5359
3596
23062
1354
29884
2773
17170
28065
27809
32106
21173
2349
7010
26378
25038
23221
20377
1120
28329
19783
3830
16088
27475
13019
21759
24950
9645
7240
19901
17232
20952
28136
7801
16420
2784
7251
12052
26550
27759
31124
1274
29715
17105
24062
20269
18390
13606
1960
25770
5100
3378
2831
12594
22544
12135
7185
21567
7281
30718
32157
32290
6025
21520
26502
10774
11148
642
21407
10229
22274
31148
11769
27016
5761
7557
11025
10855
3182
18874
28437
21205
14975
28139
28284
4553
23910
25996
22601
23417
7808
3228
26997
15547
9073
28482
3080
4876
7949
17618
30006
20143
29892
9026
19318
28205
2275
32227
19578
7881
20294
12079
16642
3280
19146
12187
10841
30123
26155
17572
558
16694
30944
21171
7396
29485
5207
29341
9819
21841
27541
11164
13675
11720
19690
18500
28185
21656
30569
13479
21973
15967
32045
15120
17930
29992
8154
13531
16502
1817
1615
25714
10858
7994
19573
8169
13201
1209
8587
19432
8490
3532
31180
18028
29889
18882
5154
28772
20381
26969
30495
9496
30898
31698
15199
6457
1865
26991
10184
24798
17361
31168
21248
12147
22691
14130
20598
95
7558
29802
24212
32282
6119
29109
17203
25609
8523
28515
24400
14771
11259
32329
28742
12400
18627
11629
2931
21966
21522
29889
17242
18957
16882
5847
5841
975
9776
18562
27163
9788
18047
27229
10074
3881
23240
16646
30717
12958
9089
1174
11664
21521
23932
9764
4381
14699
19458
13541
10632
10078
17985
23496
22805
2185
32731
9864
11961
11890
23634
4314
26218
24010
2919
22484
16263
15791
12439
5210
12454
592
32642
25248
9360
31948
23638
7789
3039
3359
164
7166
17613
32766
5225
3428
16371
29266
28319
7251
16459
9408
30297
27930
21098
23608
32235
801
10725
8474
29440
7543
30341
9089
27568
32251
2834
32156
12068
29594
5067
13477
16419
17450
11909
14907
2404
13308
9101
9849
28936
872
18575
11712
16966
2108
23536
2950
6819
22332
22758
7333
16219
9432
32566
18477
16428
18191
21618
15063
199
16716
28452
16788
2201
8196
9033
16390
20003
29228
20061
15353
494
16279
1947
29543
31746
27340
6206
14656
20805
2631
29205
18746
2542
307
27545
9095
32589
9699
31444
6625
7297
3977
11024
21233
21770
14120
19118
8926
11449
14429
28298
14715
20566
20003
31644
31498
25621
13651
7527
3043
5110
7607
5410
28373
26341
18873
14280
20633
9424
29910
18969
12220
26863
25628
27815
23989
17698
26062
23128
1946
4626
29125
32009
6594
10330
25537
8927
2432
26627
8208
10847
28354
16891
93
557
26821
32741
8999
27531
376
4200
16856
1614
9963
17809
15607
7324
24613
12044
21321
24539
18559
9530
5806
14313
10503
18424
2279
1010
7379
26699
6573
20122
4464
24133
6550
29990
10452
4760
17172
30014
29763
26407
28390
31760
1073
16940
24708
4551
19902
375
12299
12073
11498
29926
17427
30026
26663
1263
4230
26287
4916
27128
13445
17944
24519
11146
603
18029
24435
13205
5536
25765
19494
23857
18305
26643
14566
7809
16486
6423
16843
985
13193
2129
10106
28495
15812
19783
9458
7185
11563
30576
25357
1301
24100
19203
14623
9705
31982
31796
19777
7230
11600
712
13506
24728
9404
28494
6098
26896
6666
3067
19567
17700
22175
31633
10104
15874
133
9325
5824
11279
13873
21221
17832
13328
7993
23063
16410
7617
5304
31324
18201
16534
28676
14285
6720
5389
14580
21643
727
9219
21622
16498
14476
2031
1867
411
5370
23476
13178
11799
32334
17760
19683
29945
11432
24100
20198
6799
10212
29965
23118
26938
29323
12639
23910
27024
29268
5924
16647
14077
13511
959
5461
16030
11244
7377
2078
1533
15753
29129
31150
7935
14545
19356
31887
8758
5981
28144
26503
26395
14366
22786
16105
22851
23028
15898
22542
14675
8349
23779
16617
8568
30112
32035
14296
893
11836
2930
9525
20550
24325
31117
16616
19206
32672
25296
22341
13477
16292
13806
11102
13864
11586
699
32462
8603
20688
11588
24030
8071
6223
31167
8348
29112
32412
28538
29615
4485
27506
10989
14758
32697
21258
23770
4493
25224
2831
13788
8502
7350
5012
24746
29987
794
14888
15361
1596
20509
23947
4404
11224
32455
15306
28011
17374
16949
21085
1857
15609
3108
12427
30490
145
28065
5519
31330
29543
7302
13743
12535
25294
23811
9061
29899
27588
11784
6753
30623
445
9788
15471
8874
24273
1984
32663
20481
9180
27578
12661
5777
10177
2637
705
31194
153
18047
18217
2279
4830
24367
2204
23318
8114
31825
18354
8113
12903
14386
5757
8839
26435
30442
7336
26548
2674
23351
8517
16477
14007
15088
32653
2877
23481
292
29958
31543
1925
14745
2882
19441
18496
7500
7855
3788
31600
32613
27003
15354
22561
26127
28671
29846
15024
12992
6240
1334
12237
21798
23299
8953
10543
26254
15
28193
23410
22745
11229
23244
7237
5446
13784
32329
30823
17842
26032
12564
14092
2825
10806
17747
21558
24313
28428
6667
26218
16819
1068
791
28308
24710
6617
3999
12161
29670
2515
4563
29144
12078
12731
9187
11755
13634
5349
349
13594
17307
13964
12370
30184
2157
27366
23255
30226
16291
30891
9073
4431
2078
5692
24923
9702
11090
21667
17169
18359
26250
3158
1045
16240
23053
13156
4224
24123
5545
13044
18086
23600
24096
7713
10966
24539
10688
12980
21295
15212
22742
23096
8856
22042
20266
2943
17099
23777
26534
23541
15149
13641
24392
29095
16309
17292
8642
24620
5677
28613
5599
2385
11519
11991
19238
15469
20612
16731
21906
7450
5859
13367
4458
26238
6282
18298
17257
11783
31543
1869
21077
20001
4879
29112
9071
30702
14556
6502
9749
27431
23475
23170
7407
5468
29704
15624
23285
7288
13181
30933
8585
23761
16634
367
13232
28185
21369
20007
4371
32192
25820
24368
25279
7167
3385
12871
29184
24814
12264
10765
29744
2200
18241
31960
26994
17680
14831
2511
30775
5578
13136
25929
18006
17134
21527
26995
10444
31463
28694
25244
28773
10505
13505
9310
7706
28757
4593
27999
12358
25273
8204
7872
30796
26885
32639
27781
17326
5606
19730
27631
19936
22894
32403
4914
15350
14027
21586
22249
6677
875
31045
20423
9718
31052
28146
16072
28783
13683
19022
1659
8567
11006
9204
2759
4384
21930
13471
13753
17265
15756
12916
7169
17923
8120
3774
24135
7116
6453
29450
16037
19974
7570
25149
21030
26648
11529
20735
8421
20634
26929
18045
14502
12199
32069
23501
2205
11757
20758
32694
5706
29541
155
24462
7032
220
9865
8186
27569
21578
32365
21924
9427
17367
697
20784
14695
22052
22914
27637
14082
29081
29723
12932
8606
7999
26853
9819
14562
13220
32599
18043
27039
28912
9739
21066
6259
17840
15462
2480
6484
23518
1961
2183
22358
24616
30360
10498
18056
12432
28203
24652
16027
25487
322
7240
23827
12105
31356
25957
29638
25108
11077
20975
12969
31407
8649
7028
3878
6745
644
14557
30004
13777
16674
13582
16277
21164
10994
2265
6535
31706
11560
23547
19934
14753
31109
7646
4612
28363
2306
2450
828
32268
26279
32386
15647
17191
28878
7766
18804
32659
18290
6639
17068
18211
20022
30839
31906
9198
6736
2896
23596
27768
25210
30461
31244
15853
17317
7151
31627
1964
17748
7033
13745
11172
11904
4325
24153
14984
23201
8360
8646
28024
25128
14061
4043
31563
9933
24856
31578
29295
31760
12732
20297
27485
24571
26354
18118
5397
19498
6665
28062
22505
4681
32480
25900
21476
18419
20135
26559
20842
12984
29921
2882
21742
32263
1018
5439
5531
29625
5690
31328
15549
20400
11304
3850
32566
23220
5283
23592
30647
14974
14329
18129
25964
13765
9096
24168
11864
12232
32344
20036
29084
23110
12626
12644
7856
29071
4697
12071
22345
15000
21487
28803
15353
2103
29374
15821
30512
2727
26321
12923
10596
7204
9117
12019
29813
12620
31109
10236
4793
14972
19730
29255
20880
31037
20321
5402
4488
11849
29786
21730
20116
24424
13478
4155
7922
17044
14754
28821
20677
19297
29242
32418
19432
10648
24091
28151
5693
2717
22278
30921
5469
17781
12923
10932
4579
27996
26952
7752
18507
14309
19286
32331
3294
27503
25231
23230
4356
16204
15828
10788
13866
1089
850
8783
11708
6678
6792
5960
7080
21246
18076
11212
1475
22339
5969
20286
11832
26025
28221
1060
23312
31645
14460
1531
24113
29868
31774
22103
28011
12094
17983
32660
27079
13016
12520
28564
4672
10792
10939
366
23962
26804
15951
26370
14571
26855
7999
29443
27240
1906
25224
30931
1259
31975
13630
6256
1348
18415
21292
7270
8323
5255
22599
21909
26814
5911
28109
17526
23749
7049
25821
4793
24018
10961
11775
19770
8059
31704
18665
23990
6021
10863
30537
32361
12649
28618
28805
11688
31863
32388
3270
11706
18733
13969
31537
28820
5560
3079
24140
28091
20586
25419
22620
5845
1543
19994
4913
30985
29969
22596
3221
5102
7841
2779
12681
7238
27984
20288
11807
13352
25991
738
29475
14932
1666
26703
20371
18539
4307
7782
22258
16436
15627
19257
16666
9632
16677
7267
10954
25640
9261
6959
15522
18265
15469
17168
27084
4373
3192
19072
18582
9169
31743
18406
22876
23273
2566
8751
23560
19660
6786
30852
16191
20356
5861
6229
5051
24649
4737
27816
17258
1494
12494
20287
25753
6276
4605
12979
14684
31005
6922
17663
21691
25581
32652
22048
32037
2672
21633
7930
16369
9357
23503
11001
31169
3252
11204
27061
1794
20309
23230
4643
18146
8184
3279
1865
27185
20376
7825
26564
6240
31543
29144
7711
9830
10542
17924
12780
9447
27553
11427
3617
19861
11047
8531
23789
2363
8455
4199
26973
27610
23212
26605
9086
14235
16002
31541
3811
2102
11858
10497
10880
26888
8787
8617
4228
2648
21444
29731
10958
23838
6071
87
21729
13239
14026
3244
31616
18203
29839
29551
14526
20270
28318
29514
10482
13969
7839
3539
13721
20704
21245
190
16456
28279
1494
12999
24529
10761
23995
22676
24435
4129
10148
13932
28968
5277
1013
32709
25556
9735
19363
27017
13350
27145
31614
5395
9109
7707
1938
9525
28689
7392
27529
7460
15963
29026
25556
4341
18416
29849
7971
17589
30780
17501
22275
18219
28160
30834
14179
1264
19045
19946
23393
19246
27553
19688
15358
22150
9584
27005
9084
18592
6751
32196
658
32064
6140
17353
32219
21218
8204
12086
3463
13629
20241
6997
924
3740
11449
22387
20076
20900
32763
29838
15998
26304
20739
21738
22445
17886
5419
30075
31859
27324
30492
410
10427
13131
15370
30149
26965
29724
6379
6123
31973
16208
9812
22000
11507
7375
29771
2218
27793
18291
24626
6118
14622
31305
20869
3741
27819
24255
29504
9035
17453
2472
11340
24170
4014
3635
20401
29257
22395
21484
14038
19569
12967
12705
24222
30827
19622
20391
6620
21908
894
1663
3104
4652
17641
21857
4252
10680
9277
23842
31289
24538
2337
28444
11880
17128
4225
9795
8596
14521
10847
26727
25450
30522
13869
28758
15865
23904
25057
6438
18581
26550
27295
32702
4878
6840
24448
20878
16871
16218
18613
6566
1022
17414
29058
17873
22028
15085
8555
9610
1942
9981
23112
19973
17258
795
30829
19484
31598
13133
15623
6538
17753
28295
5672
16248
8269
13111
25803
32437
17847
6536
22369
14233
11615
20850
8573
12268
16769
9649
15106
7258
4115
705
31607
16955
18484
2142
24880
7660
12824
22339
663
7661
21055
25613
14413
32300
13282
30593
15662
6076
15119
23140
4182
13504
25790
13166
4561
23885
11141
16324
483
7572
26372
17324
32343
12507
2282
29117
28708
28591
26772
23078
11604
29662
1088
7217
3619
18592
15268
15861
14039
6817
30150
12554
12517
13882
11905
14896
19437
24676
26471
12710
17778
32350
29216
11392
7532
17543
4147
10457
32490
17339
22332
16221
30506
27803
30147
5199
20885
6323
8419
11681
10934
12702
935
2252
5424
5561
19763
21772
8202
6398
28928
21045
18736
7652
28811
23818
29696
16641
15671
3860
32619
27065
11982
5803
18325
4656
10953
32296
3442
15678
23503
6465
1564
14454
26905
5682
21848
13124
19401
12723
27408
3212
20462
9173
8159
29016
27603
5835
312
11133
14752
29768
9526
10647
4109
22863
30089
32176
17114
2679
17842
24957
32015
30557
13922
31769
21780
14643
30838
8422
31812
5223
3927
20508
3206
24665
8221
24370
27894
3038
23029
31967
6162
29469
32074
8419
12941
27588
6153
9632
20306
11466
12911
7313
13312
8713
3538
26682
27424
16178
32684
11655
13962
24341
32629
257
2011
15838
21174
15108
2862
13571
4900
11336
20396
14968
23113
30167
5038
11004
9292
3025
19398
13903
11444
7591
19149
2329
31912
12071
16179
16387
12129
5830
17942
31837
21679
16444
18670
15002
3680
15005
7459
31407
8032
4233
13066
2280
25558
9350
28424
3556
5229
11385
30842
16001
17229
32517
23957
3212
19033
7204
8537
27142
23939
30098
27193
874
23965
28342
1102
20233
5096
896
31999
31547
6775
5891
25201
8187
10737
17964
1902
21198
32001
28600
13787
31675
19871
13900
29552
29366
14658
7635
2180
16200
5128
20221
21346
30904
14429
4803
19412
26374
15791
25018
2867
26906
26445
7509
23547
27003
9481
6884
30285
28497
15583
28024
32135
27220
26031
1204
22959
1221
16543
18064
13855
26431
6461
13454
23229
17097
14600
24648
13865
18482
2375
7136
11947
24326
5444
25004
30099
15409
27627
20500
32593
21211
16875
15963
25398
1519
11127
16294
12635
27741
1430
23562
6787
16846
17551
6402
3447
12309
25241
14492
17351
26717
25872
9521
27664
12514
406
11070
31041
11231
20711
28455
8377
32045
19007
4388
28493
18030
1088
1606
2085
30243
6588
17592
19708
28569
11800
12379
9877
13048
17468
30567
5092
409
31706
20951
3481
27945
12565
24724
21067
23803
5769
6146
25882
11054
30626
14060
28860
941
882
22516
3729
23636
16124
7360
2367
16044
13711
28112
31630
11801
5814
14353
28940
905
16084
24516
29171
10740
3546
7283
30952
25890
9853
3849
9041
11558
7150
12040
19605
22083
29278
8395
29333
7754
15778
3785
13696
31781
25916
20435
11178
17286
16955
24474
32731
5438
17988
20887
8342
22944
14431
30501
19646
24490
14276
25233
10836
687
26337
15863
16044
13656
14606
24724
9559
3267
4680
23644
12873
24996
28001
1762
4386
20307
24730
13004
12283
10893
14898
15012
29976
1351
804
12430
22926
3980
14404
1007
32445
20501
21572
25843
10980
3311
12166
11385
20609
28426
11869
30631
8284
6179
13322
5240
31960
23343
7559
5454
21320
17378
16554
25160
27227
14564
3415
29111
14784
11730
28205
29582
584
24175
24399
28632
27908
24242
11627
21188
701
1233
15305
7278
11722
19824
2410
16035
23623
25325
18389
6965
24814
20678
31189
18439
30124
3832
26453
10178
13502
16003
13626
8482
23003
17790
2217
18752
14960
13012
12898
26306
32347
5669
3155
20079
378
9885
9515
16754
9989
21727
7100
3056
23815
2315
16498
1651
28089
7695
30129
15543
18597
22967
10996
12239
18031
21685
29527
25294
25698
1
29518
4291
30414
2910
1369
13805
28913
254
22793
2851
15486
11266
30877
9322
15979
719
31629
2258
17197
19935
1741
7404
26233
5602
21471
957
8221
23805
30866
24202
27456
24791
19727
6979
24936
2872
10872
19770
12914
27732
13853
17055
30631
326
14400
7137
25810
22125
6222
12753
10335
13234
2460
1711
24850
4760
20883
4464
24959
480
15583
2939
23635
346
16178
6894
16348
14645
20084
19408
29075
4763
12854
9875
14901
5862
24040
23481
1739
10273
19630
22285
12723
29282
3706
2521
5826
21182
19704
18034
31578
31099
6752
10367
25049
10602
29778
23465
22523
10998
7369
24806
14128
22840
10586
1323
22989
17045
23303
18356
32074
7615
5095
25390
25502
19707
13160
29888
27262
10101
2580
12137
8423
18641
15989
30964
30050
31900
9830
3873
16783
19884
23451
20661
21568
18809
22694
6429
25149
19791
2985
16755
32004
12876
13106
14916
19579
13207
49
16814
12382
386
8906
8303
31349
16684
22812
31355
22872
16544
27335
25459
14753
10380
385
17085
9133
24996
22147
14441
30512
431
9076
7062
15971
29083
5098
7320
23359
10607
18958
6611
10843
21467
3689
9970
24939
26801
23134
27131
25076
890
30136
4726
11350
28159
11301
28085
11771
16184
12847
22527
14226
3595
32443
19146
7872
30949
11421
3029
21691
19359
29154
22536
4112
4861
23276
30789
7914
18178
2215
18853
29819
28834
20399
27740
17304
17554
31160
15663
31492
1312
32573
15845
14426
20089
31020
24328
3815
26811
182
27917
12306
6950
1897
1425
10682
956
27208
17807
16055
5694
19346
32266
21612
13678
25186
11956
27776
25054
15441
3734
21686
2641
23679
11400
19643
14751
5860
30916
17366
12588
17614
29033
11196
23487
1079
21911
17939
13912
27855
16679
3785
13879
29093
9604
3271
24148
28324
3516
14952
541
17586
12106
16407
18475
12605
20054
4481
26221
7992
6372
16233
13621
12343
10913
26731
21391
21099
3561
21386
10330
24569
3667
30505
25699
21380
13664
13534
27452
22833
11645
8149
24924
28618
14227
11606
3246
30767
384
1973
13584
23566
23489
4300
24939
29791
5686
22112
23216
905
17887
19345
18063
3174
32593
23734
23438
29095
14212
30907
22250
12099
24102
14547
15959
32636
24406
12522
22630
6698
27047
26687
16801
28471
6235
15068
31007
7594
13399
26802
15225
5911
28048
11810
21178
16877
17110
8289
19117
14535
11996
2658
11664
28372
20671
17647
16821
25971
28492
5345
16925
1040
30634
19384
12613
15563
18292
15569
25428
14664
12143
22850
13882
14845
17542
19929
5794
32250
24739
29789
5611
816
19717
2660
21105
4727
22557
30447
17756
13409
24731
25932
6382
13000
255
8341
21213
18361
19494
23303
18629
15112
7172
32566
25239
20535
27691
14061
13129
2752
29113
26719
27570
5900
21821
6807
24002
4545
15120
22528
32545
32291
20770
13823
11035
13701
25969
2556
15844
20941
27086
3887
26579
21915
17314
31265
3709
14546
27229
6003
11490
24300
26643
28044
2465
19177
3114
18461
6918
25735
3975
1695
23594
1663
385
27572
3996
31970
26118
11749
19995
24956
13532
136
31106
1786
4256
1911
14274
15626
2584
27603
4100
9435
13938
4611
8875
8218
3773
9321
30698
21479
31912
6224
14161
22897
4821
2782
9113
11611
17893
17819
18735
20004
13730
16331
22497
31903
18853
32440
30575
13032
10932
11262
28203
21391
3856
385
23987
20260
28837
8001
28537
7132
7176
30173
15672
24467
27720
8102
21485
7249
7982
15049
6142
17288
9417
5616
30777
8147
4071
13246
13429
1747
8592
4867
25130
29204
4735
29659
25540
28397
4517
26747
5063
7287
28866
2635
20837
19044
11442
30174
23425
81
1286
25627
22167
4537
11643
28207
20922
11768
5625
19953
6249
10780
7078
23311
19154
24962
17495
23676
31144
11257
10467
2291
18296
12996
4735
4344
13077
16806
31763
18512
10729
12648
12074
3711
24449
17533
3551
19817
13598
21334
21514
1780
12894
19028
28101
13785
30811
19967
19223
2127
8779
30168
24739
2251
28980
19511
25269
28475
10377
20290
4400
5877
19775
30608
8245
10801
9599
24470
7970
11346
21361
10568
27602
11062
9765
20965
15440
18598
15816
8213
17115
24117
5991
2534
30064
17833
28840
18681
97
28552
23735
11344
17814
1493
3483
21113
10686
4692
25079
19930
12924
32696
3084
9832
5438
17308
17568
28772
14508
15602
26645
24351
1324
19104
3116
16914
16054
13818
23911
19741
19413
7054
10601
23153
22951
4425
877
8154
12595
4181
19163
1934
3892
22689
14321
12562
15035
29635
15968
11582
29740
58
28374
15939
16797
26161
11216
1620
7185
17303
28847
32000
2894
19629
3656
11528
31700
10121
10880
25020
9124
6207
25563
30705
31937
9220
5331
13493
26768
31359
24697
15840
20950
24180
5189
18827
27680
15914
20686
2236
3229
12577
31159
25980
20216
10738
30373
29771
28746
4561
13562
13693
11847
16788
7166
26926
26041
31678
32249
30862
12975
9485
6340
4957
21615
26297
15004
4929
6772
14517
2850
3840
26813
20899
19859
30444
14038
17304
25740
20877
13103
2401
31793
5613
4840
26280
24718
11269
4218
29066
7604
17935
11382
13295
9845
25690
21990
30481
5947
20162
22212
750
26899
5144
16515
24669
3830
25310
26404
6851
8655
17646
27778
29435
29612
11316
8561
6876
30520
6028
8634
21241
28084
21985
21830
6331
20280
9339
5963
24425
6045
28719
8098
830
1914
2507
7068
10261
8639
7707
4809
32367
20733
8928
23007
22764
6510
14915
5979
31265
8234
9720
23962
19862
16246
1883
28452
24408
19039
10049
19847
4780
25025
25418
13055
2685
15721
28755
32686
6746
8011
12890
22968
32115
12413
29260
1360
24586
27589
28224
27217
9192
5119
30827
16634
6785
13108
12928
9469
5774
817
12060
24092
16214
10832
4103
17591
31539
4156
24300
5931
6035
18685
26563
13675
13003
22428
28115
15950
3126
12639
25413
1007
236
8077
4008
6137
7697
6983
28885
19453
26732
18459
434
24349
30353
17078
29473
12342
13430
15949
22721
26728
11553
264
29009
6191
20597
20390
16244
25487
29943
8267
14740
23996
29586
5339
21857
3151
12161
31400
27043
23579
10458
481
4721
25706
547
32359
13291
8722
31324
23374
24685
6228
28435
21399
25894
12514
1333
3604
31842
9184
21336
27648
13632
14144
19502
30085
32655
9151
20803
3157
14234
27805
24523
12492
13627
20979
13332
14243
20642
25788
3891
27335
25966
7778
20882
27713
24140
23695
22149
14211
1674
31117
14082
4073
12192
25143
15541
10272
24360
30041
18665
19398
24136
23167
28967
23745
15855
14596
14698
6421
13982
20208
29845
8546
16020
2910
20351
19906
10429
8845
25977
30669
19309
31817
11927
28438
10927
26046
13863
21139
22761
18824
13697
13433
9576
2179
22829
18418
26589
3693
7889
22353
8690
11231
18238
23350
15229
4326
5607
4863
10236
20169
30689
22112
23597
7527
28317
7444
5827
1058
26505
5228
25924
31856
18049
24809
27249
22093
2379
17007
15490
13766
24040
18875
7857
12292
28401
19077
7353
27236
21830
28691
9480
26169
10650
30141
30961
20241
6602
15073
15792
924
7263
13616
6197
17963
26022
2004
6866
23976
32006
14546
7043
13995
11396
3835
12247
32555
2756
22552
12344
19558
26970
11554
9214
5226
17952
4660
19678
16857
16180
8382
21593
14019
26355
31982
11817
4259
24472
10446
1911
15364
25413
29907
745
14792
9909
15042
22069
20944
18513
25099
27619
6602
21499
9593
15570
5222
14137
14106
9768
14040
16774
28663
24896
15511
3658
14868
31517
16902
14287
8504
28051
28941
7104
5039
32625
27521
29825
283
14148
4633
13832
20712
16816
4190
9110
30468
22791
1345
12058
32170
18439
22039
4099
27469
14676
28159
11866
7872
22640
17177
15728
13031
30550
20057
14489
29775
30959
21644
15476
4950
9095
30515
13709
20439
20969
6596
5881
27511
32445
16877
20800
26825
7628
16439
26906
15266
7664
12170
11387
29489
11181
5090
26179
19223
23675
11735
14163
11569
31762
6588
11352
24934
31848
18605
649
4869
20136
1280
30608
11091
28604
16043
30430
27148
30061
21592
178
10330
22609
20875
2748
28268
5889
22707
26345
19526
5081
18445
24864
11202
31924
5405
22723
2319
22054
5465
7569
15483
14955
859
32564
16532
26523
10812
22780
4979
4212
21134
3209
10140
29693
5765
3748
22703
32725
14155
14858
990
130
3970
14019
27363
25821
4389
5451
32418
19970
29380
23867
23958
10521
26293
7810
5414
9597
23732
27237
16741
398
9272
27022
31408
20406
18494
27667
693
24040
20583
22153
31896
27937
13445
4898
9485
30861
902
4852
2390
6433
21035
9792
27282
19460
10759
25393
23812
19381
4082
5102
29477
9584
2332
4455
16180
1271
8114
8122
29320
28616
27569
20638
16617
3563
31425
11134
28802
2445
12212
450
8052
5170
6897
29707
3164
9745
10562
15341
19089
30508
8752
2126
29902
6040
32247
4658
17120
10344
20193
21587
16540
618
14924
1315
31458
3875
23566
7633
13529
6397
16016
7890
28385
1113
5895
252
13042
12609
20362
2269
6549
9480
19148
19976
32104
28054
21213
13524
21649
7837
31732
30747
14079
22457
23030
13670
19738
6437
22560
8081
26997
15582
5440
20694
15415
19830
690
30662
7907
32736
999
14147
7542
28575
25272
8332
20864
16936
21833
16815
19609
28777
32289
15491
28515
32702
15090
1425
31130
2798
10035
14737
28988
19445
20122
83
30786
23114
23341
3991
3388
31292
7463
27734
10372
8763
26810
10278
32464
18869
10810
23092
16997
8277
20846
8945
4868
7268
4278
14321
18615
9070
6961
15238
25930
7216
14512
25843
19621
122
32159
21179
5094
8499
14302
30268
25776
26093
24315
28041
22634
18039
16828
11634
22506
29665
30432
28945
6090
28752
16196
2792
11542
5547
14215
12922
9311
31210
6041
20065
22296
31512
5300
27604
16799
25432
16046
18938
27489
22013
21969
10076
11019
25504
7528
21294
5707
20989
15086
25529
8300
18125
17113
14342
21045
7263
11941
27942
5853
14182
16148
24548
12754
31246
19677
28385
263
20
13777
16848
23876
18112
2271
2768
24328
4677
30039
19499
12290
204
4389
5729
23194
14457
17433
25586
9891
11944
12144
9009
10061
12866
9536
14045
709
590
251
712
10192
20602
2890
26759
5556
25340
4973
25138
22646
20791
29897
16671
2662
20968
407
29805
18741
27694
25430
23320
17628
28489
23619
26612
26009
22217
16897
1748
25027
20190
32060
861
5
22467
19222
7639
5528
22145
16438
16422
15210
19646
21997
29110
9382
8238
17152
17054
6895
30297
21485
7562
3746
18500
3819
3339
2440
23166
6252
922
8312
14001
21497
10615
17822
17436
19342
23165
18330
26951
17284
14809
1994
4414
2567
2769
10316
18136
12412
11417
29664
7969
28936
32194
2895
335
3505
28031
14593
29475
14670
15981
27220
13847
17855
4462
3632
6575
19050
9374
8686
4773
7091
4643
17384
14778
6444
13349
32052
3083
15376
29609
27
32441
16539
1615
16448
19923
23346
21324
9945
31770
7236
17108
8365
30651
13459
13080
3614
24663
29506
980
29770
15437
8151
25785
22498
15443
2074
30554
16219
2173
31073
29847
28443
3646
7829
29781
13734
23090
10504
28493
16586
19889
24466
10553
31987
22276
23683
8912
3682
31909
21121
16603
29303
30366
32679
15500
3690
20791
12867
27895
27009
17690
13271
7074
21397
3079
16948
28836
22183
30565
7639
15335
22309
27826
9248
15838
19622
21543
22123
19034
29745
21066
82
10658
31526
937
31660
28402
30907
30508
4885
24187
29343
21549
30137
22136
6021
12893
6064
11774
1981
8481
5242
24965
28360
9789
4219
5233
8902
11402
20816
2681
9057
29901
22136
31968
24621
19487
6000
16956
12530
28418
10424
30791
11046
24264
23692
8369
26181
21715
3803
1478
5117
19204
3465
15054
26676
19082
25152
1161
20173
7732
102
19209
15501
314
10222
2433
6605
26545
21992
7717
19004
16166
5946
2418
23260
14623
9074
17190
30698
25653
4784
30585
11109
2747
11953
28743
27458
30842
15630
6246
20691
2109
6023
24474
4794
30909
29046
7535
32474
7680
20311
23118
16579
18267
15215
532
7370
8383
28198
14635
30493
14008
27733
28237
15565
27437
22802
11593
20924
17046
6461
30319
10280
31029
15341
30190
6616
13811
954
13312
30392
17876
6414
8647
5608
13802
6342
32591
21153
26530
24953
552
12214
25647
27309
12475
19200
9426
27415
14120
25584
11142
5229
333
30331
13440
20395
25885
921
18650
28484
29601
28380
21489
30270
31917
27560
30708
23344
21914
8428
5563
12739
7105
14621
8107
8346
2593
6312
24477
23863
26474
4777
20964
25083
22075
26055
10144
12050
31693
4022
5470
2663
11505
3745
9058
876
15386
1155
24578
10896
29243
4379
13531
6498
5274
4997
7178
22273
9928
17300
25339
2882
15437
32654
23547
26013
18136
18793
17522
12718
9604
8618
18445
24464
28831
23551
24689
16745
1852
6205
25562
5571
15800
13964
22867
849
16479
9908
30744
11791
4174
7645
7779
32271
18693
30299
27333
13163
20647
11454
346
21707
25248
2715
18606
15606
22789
921
14158
32273
15602
19957
7786
27971
32361
17221
1985
18558
20640
22264
26598
28123
27403
24487
2161
13794
18154
14773
15733
29628
28902
18042
874
19921
29774
13255
2649
475
22868
7343
9921
24259
28734
3009
20051
16288
14737
4209
28310
31597
16237
3480
2133
3443
2584
16618
23068
30604
4815
1838
5049
3101
30965
20411
12014
11272
25349
25865
17558
21942
14397
13141
17246
24410
11757
17435
21713
26082
5628
30790
22687
21545
31346
21546
14220
26376
19025
5561
23535
19179
6704
30759
29127
17429
19598
10928
10793
1946
7268
4020
32063
22071
13635
23456
31887
13678
19774
12825
18119
13507
31177
6531
27270
10473
27894
19302
5624
22513
15931
10934
9031
19374
19692
13877
24175
2562
13400
568
25703
16147
11273
6687
9452
3859
20887
12019
22577
10142
1849
13638
6036
31503
10890
2705
21224
14959
28706
28533
3659
32069
19526
7589
15608
18233
3459
10051
23264
19714
21373
15555
23741
11380
9403
31904
104
20798
27971
31648
19248
31673
19715
15448
17531
30592
8408
1104
14145
5346
13259
26490
8888
24572
9118
24394
4399
11939
21392
15160
26307
17951
17700
21678
10100
14956
17622
18569
12439
3256
2036
10011
2692
2758
26760
16220
25304
32738
24015
26761
1712
8609
3212
20391
27655
31009
27506
8712
17248
32053
9641
9342
32719
1987
14634
31064
3973
3583
8355
20116
31109
11088
8072
10925
22823
9120
7818
9059
15978
15297
3980
24216
30461
31489
16286
13054
19826
11672
26963
20000
18580
6076
25452
24847
24015
26276
18919
30287
23197
7372
7539
2590
15203
2456
29212
17785
3824
19384
22668
2347
27621
4810
18985
27433
32440
32207
20831
24953
21358
30282
10749
18241
32299
14866
30755
28533
10793
31631
8819
16459
15157
11276
24433
9390
22875
31258
17352
2619
22530
1301
14066
21099
11980
25400
10708
10365
26043
30249
5405
13874
11776
16758
14548
3194
9364
5961
26187
28550
30348
2302
28444
7730
7906
14248
11134
2898
22398
4887
25707
24931
19674
11785
23617
15233
11559
24754
21213
12125
8309
5497
16075
7399
7414
3408
5723
17517
25799
18878
25938
5295
8769
29352
5937
5990
15877
14948
15187
31694
19102
23607
14085
14336
11817
9684
9739
12903
11246
20546
20912
3097
23821
9424
26080
2032
13351
28839
29603
22721
3957
22792
16500
2209
14937
21550
13808
21050
24632
7958
5350
9831
24952
17163
3194
12471
16356
14629
16395
11000
10580
23575
10624
18306
12120
22952
25525
5464
30183
11970
632
7632
19915
1131
4093
11808
20752
30193
24487
28611
28050
15116
4790
7421
20502
29192
1292
28850
16835
31177
2057
13716
9698
20219
17371
28395
2877
1603
12008
14006
5391
13801
29326
22821
17921
27802
5198
16545
18795
13594
32644
29885
19601
1102
22207
15412
5437
24509
4568
10376
7705
10222
3768
23731
32119
15939
24780
1427
10274
32553
4335
27907
6260
10477
28451
27856
32677
23128
19489
13120
12415
6939
15538
26318
31971
15352
21073
25192
21288
5836
19908
4658
8286
11961
1158
32648
26362
24600
31346
28381
30016
22504
19877
13651
32131
10627
31107
6157
14895
28254
1455
18349
22155
26606
23985
8315
4429
22958
24960
23496
15267
21133
24118
24217
6713
9061
29222
19076
18401
12116
14058
31500
3307
8824
30418
4965
20155
24169
28722
321
23033
32043
11204
32354
28284
18285
25854
30300
21378
6672
6192
1817
31336
23632
15509
3423
23732
11708
12179
2866
5992
20885
3405
28936
19344
23913
20563
4877
29136
13124
16181
17587
30959
12113
4374
19349
15161
23016
7803
9984
32455
16677
6140
24637
30130
11465
27244
783
32260
18911
24032
19335
5761
11145
26647
24935
17359
1808
17850
29340
4329
18810
2823
3278
13223
21642
13851
24571
26325
26892
17594
7413
17481
10911
13690
3604
29820
3434
23041
12697
17903
30751
21245
2288
24392
7398
23625
16327
8933
8109
6665
22780
13204
30803
5717
12570
24676
19141
1242
11221
25116
13237
16191
22765
19063
27370
26089
16454
19963
22673
13897
32684
556
15422
4734
20252
27584
16639
12856
12492
16797
18967
14557
26507
5432
11190
20881
9207
18851
31990
3488
11519
9808
2260
16882
1893
4215
3503
27218
11836
30022
31615
26691
14385
6958
9286
11391
22422
29642
4061
11790
8343
21801
5055
5136
16358
15467
19880
4061
6950
4475
12874
13969
27491
24227
24252
14074
26239
18257
14823
195
3611
15179
30091
9748
27545
17563
16510
4566
1494
23237
15532
19060
4202
22760
5194
1737
7585
18975
31295
26115
3069
15495
27179
12407
5349
25087
23056
470
5676
12116
28545
158
7312
19026
26820
9178
32023
2949
20097
2382
6595
23956
8207
27119
22842
6656
10915
25049
8810
27991
9886
3240
29194
11700
1844
6664
14845
20441
16756
17674
18524
5106
777
31574
29873
12068
27842
24627
20543
30168
23996
28580
4594
14004
26597
10658
32158
8823
17475
14396
7027
21805
3737
4576
11833
22138
8268
1209
16820
20110
31719
2303
14539
7695
9160
17301
31733
6340
31332
22468
2394
7452
10771
32508
23423
11381
20198
26009
22872
19488
20478
20147
27409
13733
7382
16367
9435
23821
2652
9094
25961
27309
3134
27793
12655
11147
16888
2236
30411
7462
11657
15587
28868
31415
6589
28746
14514
21578
31838
16071
8990
15160
23506
29232
26831
9333
13908
32250
23477
204
3416
12568
14825
7861
9131
15977
29775
3588
15684
30130
2200
25092
8861
10852
9671
12939
301
27204
13070
5340
32158
18825
25235
18288
15955
21405
31465
31909
14510
19465
4740
12613
25908
30282
11450
5930
26563
13209
17177
16554
31108
32160
15254
31217
31367
14040
19821
26435
28252
5054
14809
4154
30997
25768
27391
9191
20570
19285
24479
30789
7431
24169
16619
15679
5785
11824
32455
28359
24040
18818
14189
29411
13840
29693
8924
17314
32598
3594
19385
26596
18771
30750
12241
29806
6460
15672
26084
1972
19110
32313
25752
18426
935
24596
26612
19379
25182
11143
21436
2190
13972
20966
32081
25938
6580
4600
23685
18340
26669
8227
3364
29388
18446
15062
22359
6109
24344
17443
2781
18529
5932
29603
5112
14777
9233
25280
15453
11544
16776
26007
17440
12566
14227
12597
16141
11584
22756
6737
22669
17912
17333
20049
11440
4741
23521
11661
10804
21523
27430
19095
9986
32714
11139
10079
3008
9262
18703
12394
8478
26658
4336
9223
19290
12648
20979
25000
4619
5272
14768
31539
1287
7483
7348
8688
16486
10296
4234
30711
12962
14699
8160
12597
12333
569
31308
8229
3222
89
30029
15427
26133
31299
23329
745
16198
8553
30534
17526
24130
22291
20234
22950
13929
23195
8770
12986
22296
30185
14867
19165
32710
23123
12318
4000
23396
10252
20798
22421
11683
17454
10456
32305
31971
14498
20390
19762
11296
2071
15514
15846
20754
10092
16646
30619
4850
20845
27246
27488
471
24881
31839
21053
12973
3146
32643
29350
3310
4145
12176
10384
4128
17501
25142
29012
514
23991
23098
18493
14612
31408
29134
19154
20548
20875
32746
4031
29053
26637
12617
20241
858
4754
22227
23721
25175
31088
14311
21542
7665
28672
4800
10629
6028
2071
23847
22035
8936
22458
8080
26025
26731
21832
29127
24570
17396
22115
11783
938
18949
5705
10625
1329
26515
3217
5270
10138
10912
4507
3743
29789
10579
5732
6161
1689
13467
26922
1202
29375
28568
9175
31358
30322
21477
4183
21843
19881
5021
22596
4027
18972
3500
20387
28653
13422
23437
9534
12745
4825
4594
17963
20434
3796
2646
21713
1448
24942
6777
10572
27449
925
20660
31116
365
14126
18173
16025
26879
20464
13795
26241
11909
24195
32029
5377
6867
17420
30406
27574
338
14266
9515
11767
13796
5307
10034
29542
27736
7898
9836
14826
26842
21411
11426
17112
9118
2816
25743
6638
27897
24938
2849
11130
26282
24912
20733
18664
8886
24234
30593
29419
17369
29783
32523
13962
15652
16236
3261
32600
10791
10123
19315
4940
27916
24714
9685
26075
11497
13180
20986
29858
26040
15369
31787
32013
32751
16049
23036
12974
30698
20542
19591
23570
14480
1075
16652
9108
2102
18477
1559
32578
21730
30311
5297
8405
7256
30673
15125
24774
27041
24213
7854
13140
29707
14789
25355
5111
20316
12735
4325
24658
10605
24226
28790
24569
25129
11490
14250
32070
14380
1154
31784
9945
30537
5955
27477
14464
32402
10218
11462
5417
24032
22973
9910
3697
22368
4252
29614
15635
19611
2409
20323
10421
1514
177
28773
3954
9154
11343
575
11093
27123
3269
25492
4738
17051
22271
14700
26565
27901
5582
11053
21629
31193
16071
4045
638
12450
24301
15342
3108
8622
14282
27652
10588
1104
15651
31053
19199
12384
9134
4427
21803
2446
20
22449
23840
1108
23732
21593
20554
21306
10186
22390
3431
8678
3594
29132
9827
20314
10245
25911
3617
8812
25180
16181
28435
23926
31575
3826
18976
32714
19515
28112
6031
20662
28830
15109
30280
8213
21959
2956
9848
19738
9578
864
13494
9438
28645
13633
30411
18455
32313
296
27400
3010
10634
17656
11035
1886
14811
2425
3145
14881
23594
20710
15631
14597
13848
28276
1398
12370
32444
1484
15521
28705
4409
24463
14838
24705
13627
21054
6898
11083
30531
31238
23321
23343
1884
20637
12179
32075
31605
28111
28662
6713
10245
30759
22961
7599
2967
30333
2367
2018
7281
17564
445
23646
21059
13986
24092
8824
10888
28477
14765
11144
8382
8030
1701
20212
8644
31630
15513
25962
18292
15332
7703
8788
18935
13776
3452
32238
8662
30747
17058
20588
26681
3182
7425
20524
5201
30774
17398
28449
30348
5640
31584
6383
1029
30579
10242
13801
25778
28546
24486
13890
10614
6704
23308
10535
30489
14280
27753
29758
8918
5413
17177
11331
25811
26616
22270
18009
6440
7331
16002
29410
1222
32241
32089
806
25598
28829
29569
10153
27233
5851
9973
19178
1316
15116
12342
24617
22649
7207
31753
25904
28954
5230
32222
8355
21796
12791
26137
31000
13960
21634
12240
4051
32395
25932
718
25536
23956
11218
2662
16501
24762
671
11315
18764
23790
7914
12893
6728
10002
19315
2620
3036
9964
26382
30018
28345
28957
10127
22125
16300
22699
27819
29341
9658
30450
18505
27845
10051
20721
322
18306
19094
24218
23268
22887
32551
24295
11487
9175
12918
2396
2634
12097
29652
2471
19103
17701
3027
26403
24622
30615
24224
32375
21963
5586
27525
31499
16757
6075
31372
10824
30242
20869
7891
17203
22975
7716
1571
31101
13057
13559
25931
8442
10651
11067
13273
5370
27042
18568
26466
31965
6658
14651
3810
21025
1026
14936
6140
10345
10439
15246
8506
29680
12748
25580
19750
13151
24272
25210
24209
2039
27068
20914
11566
24255
3676
26864
31728
19879
18359
32511
6451
28476
2052
20228
20747
19073
5952
5016
3966
19813
23353
8565
6873
14421
25886
13925
10624
19422
7109
11850
6563
12061
16003
8015
15569
18637
6401
6096
6003
7026
6384
24473
19386
23878
12505
7748
8000
12383
17067
28972
2961
30711
9456
15025
28831
3138
32146
2105
29576
27831
26076
22463
27083
18625
10885
12746
30961
18049
18133
1130
764
28453
3952
6032
29353
18479
5566
3880
6539
32047
12622
11369
9118
3272
17310
29925
28594
16005
5813
30734
4741
28507
19071
1729
8980
11959
12068
29462
26454
17739
22026
24763
8399
12061
16208
19870
23429
31048
30864
18755
28375
32279
10199
14282
25454
25599
32272
30432
2192
21881
3653
1651
6760
15659
22769
18464
21304
12301
24926
4397
18562
20919
369
11115
32555
2917
18253
13371
17906
15283
9728
30123
27664
16535
32727
6778
24470
64
1188
11134
4553
20592
27063
29900
7883
25002
32296
3723
21098
28203
28765
31478
13775
12517
6853
5755
26998
29831
21909
18823
32409
7156
27242
27155
10575
2161
14325
18814
1397
31739
21851
22598
27488
30111
12875
27968
15952
7665
14772
6324
25649
23683
22192
26107
32617
27579
28117
22797
4330
218
27439
6036
9489
12108
12836
4620
1659
30458
22503
9947
8960
30883
12819
6615
2891
29066
7222
22530
8226
15587
329
24699
20370
3298
23237
28101
21079
20051
16826
22253
29478
958
25410
10151
29488
22315
20562
30603
28230
15675
31496
24523
10667
17187
16658
3643
26076
24096
2115
32646
20981
14826
20319
32433
17279
24776
11259
28149
6744
9126
31040
27762
23317
32251
6504
13717
27395
21141
19221
30677
24791
25083
25372
27687
12177
25357
7301
2033
31868
18549
12638
17242
18977
21090
11798
16197
1731
5184
6190
3327
19809
17109
11817
9912
3367
12167
20465
23735
2423
28512
18312
16476
26319
20049
21272
25471
19773
5483
16204
22158
11125
17712
26600
12622
9030
21418
32090
20941
2491
31616
14468
30513
24730
24427
10846
16538
21261
31995
26046
16466
549
19656
25907
2326
9293
29137
29527
29944
18492
4081
7461
6585
21569
253
28151
2134
28330
29505
23410
16015
8683
19768
13330
7301
1827
11393
26706
2937
23399
24737
28403
7592
632
16202
6751
3197
27406
27627
19412
373
12109
30183
16008
31137
15830
19512
30208
13708
1009
22262
25036
18096
23915
17937
5888
14729
30358
7390
15295
7853
12335
28768
27873
20066
8744
2888
21907
16279
24962
12712
17786
29858
16993
6896
15765
5776
18666
8734
3607
2796
13026
15257
26053
8780
15642
14171
17763
1450
30387
32602
9623
19
342
21104
27284
8135
32507
15387
7082
14968
20182
27470
27910
11166
11545
1497
430
1218
958
16251
10032
22944
17461
10252
19256
20185
4788
6906
8418
5418
1617
24578
10934
11797
31563
9606
1568
18576
3771
22643
7064
20891
9381
21198
2321
19260
29781
3743
4062
22702
10454
14004
5768
30653
14141
8765
32089
28354
10798
17480
2586
27287
30043
19182
427
16611
12002
9061
21509
14799
31978
274
30199
17853
6129
24053
13422
10747
13323
25257
24995
7176
25912
23424
27953
14966
8325
6910
15756
17977
19362
12963
28625
4768
663
14893
28726
3150
29980
16025
27376
17850
25693
21783
28389
2663
4912
26343
22479
31668
5077
15414
13800
14290
29459
30083
3556
2656
11985
14478
30614
6768
24147
20919
22629
27571
18895
26777
15893
32549
32355
11219
15900
24487
20107
14994
28037
22406
8624
19527
1066
30212
14729
29537
5671
25367
3296
32391
32427
8546
18560
27494
4462
2569
27688
27581
23679
13504
11169
5551
18631
5492
7021
6457
29724
26078
24842
26782
25120
13614
2403
28293
30191
19828
8137
26716
2000
3131
10578
30618
12258
17104
26188
7228
10686
32118
31614
3439
5597
32408
12886
13361
3040
15183
26797
29926
17011
9796
23287
6250
29986
6963
24562
11521
7634
19868
30831
26475
17389
13275
30278
5566
7286
9321
30405
5775
18396
16193
31013
6863
10751
15194
5342
2152
26859
10861
31044
1965
8484
17084
29217
5468
31059
17120
10785
23911
17837
30289
27714
27731
29814
30424
27157
14950
15500
9490
20469
30089
4631
13791
24240
13536
3250
9824
1415
6019
17043
20323
27859
12286
22848
2177
31426
32571
8330
28807
12972
18346
8620
21768
6260
31865
342
20301
28058
22689
16378
27610
14285
3705
13488
9240
12897
6955
17703
15146
24028
19508
269
14944
6404
27603
5996
24471
20169
30839
623
526
30015
4302
31954
27527
6709
7706
24870
9515
12747
5192
2802
8750
4520
23214
1493
30184
23702
7058
13054
18286
15459
13529
13642
9823
10994
8972
5756
18283
31819
21213
27164
24937
20298
6323
7516
6944
27766
15745
5082
3717
17086
29067
26230
20013
30785
10820
1764
29945
10924
5214
24978
20367
29483
5122
16716
32475
6838
24873
395
28209
24604
22722
19678
3064
28357
25532
20325
2449
9942
23868
9853
27921
7344
1411
25171
27155
11441
17437
20563
11565
8623
27253
20663
18793
5945
8068
8075
31505
10444
1739
3201
1636
19546
24082
7823
21517
22299
14636
332
20992
10815
16351
19227
25441
31176
22692
11987
19929
28812
10227
29735
13337
31430
27968
3491
22323
27283
30292
2946
9075
23996
2663
9953
5870
3559
24077
22774
3710
2722
17109
15397
10058
27586
6876
32428
31348
23681
15199
5835
31006
23763
20499
8633
10972
26900
23679
13029
4178
1808
17186
2654
11754
6932
22486
25453
16743
23657
11984
31475
4899
422
16571
21296
471
28828
15392
5374
15731
30034
32670
31437
16642
5816
7535
26128
15183
30203
28398
23377
20688
12856
6150
23417
7039
15897
260
17172
31954
32494
31462
18175
11579
15040
13418
11980
531
18321
6706
24910
20358
29128
11486
23390
5289
1654
18938
25907
2740
19189
14293
5322
26219
31604
1787
29994
19181
8276
32115
6459
7969
21756
6144
21317
23719
22605
14291
9508
1480
16611
31326
17679
26313
5804
6103
9568
21451
24278
24650
12900
22829
14552
28812
11877
2950
7080
14924
4756
21986
10461
31763
27466
31762
11331
4516
22326
23138
3206
21953
7824
7125
20516
2595
6861
15687
6346
11135
19708
23673
18573
12562
19258
30709
1315
30972
32299
19749
18009
11525
15943
12658
15434
9137
23777
27098
7637
18010
29662
11962
26774
1407
23231
12947
341
8563
3560
4116
5439
675
7735
25785
13625
17265
20655
18191
26676
16921
9786
18002
18710
19872
27330
4627
22285
18965
21460
9904
2615
8688
10878
23407
26097
23511
10120
987
14100
9566
27633
7157
4866
4407
23501
30973
25032
14984
14144
19776
26053
8187
16172
7489
19714
26842
29906
9006
14330
4803
30643
12149
15119
29077
3142
30138
2588
14109
27047
25059
12430
17389
7229
30168
25375
17875
9726
31623
3258
10672
2668
18397
4848
2855
14930
4113
23187
4509
32267
15160
1180
14849
9487
7371
1393
29736
4523
32217
21542
13265
24232
9093
1072
2984
19632
27947
10677
11506
27373
8109
6943
9246
15700
3826
22746
24097
24556
15516
12950
18008
15818
14788
8537
5600
17504
993
10555
27753
7596
4879
32076
15042
15324
2090
12760
26504
17424
11663
10998
15461
9843
26263
30910
8535
2573
4830
13679
7535
28174
110
29380
14288
21732
23157
24947
27829
26891
4241
14687
14128
26101
27068
18417
14352
21482
25467
24001
24369
15932
25417
123
5159
10676
32309
22177
31783
31873
31495
16396
5115
29591
26312
25656
13667
32294
6534
14803
3008
1266
11603
11793
206
21752
6680
15642
8706
19771
27867
18077
8450
16134
17264
2693
16939
15129
6636
24529
14058
17007
7957
7684
10358
26578
4478
364
27428
18789
17495
11730
17225
32140
667
5692
25643
30057
19314
15339
19658
27381
32652
23142
28010
32199
11284
31506
4638
28961
12990
28037
15785
11538
4369
2034
15409
19011
11487
30234
12413
4394
3780
7114
7486
597
20317
28387
483
3307
6549
1854
5790
30466
18331
16043
22184
16187
30784
22323
30816
3950
2111
3270
21841
22347
14333
29437
25402
32729
6656
3689
9590
26938
354
32325
8746
8774
10061
27596
13991
4309
16688
18672
12008
4042
8643
12333
1444
834
29088
30471
28510
14519
2658
14472
2395
24691
9792
25618
5790
31491
1733
4353
32253
29462
22328
20463
163
29808
5326
6246
24083
12732
18121
15649
30391
7884
31371
28118
10728
22235
21882
31070
11820
23084
12698
7927
27303
1604
25090
9881
11391
20416
28983
770
11135
13649
24497
4071
13043
11909
12108
15399
23909
18684
22247
5325
19060
14331
16923
9158
17127
26476
30613
29101
6594
17912
9811
15629
22591
15652
3996
2096
15207
28699
12918
3454
26388
32661
9678
8947
282
21177
2890
19095
9643
8646
27892
18056
10315
24680
23566
13598
23552
2091
25348
11180
13729
6477
7061
2736
15905
28709
6795
21669
9110
22938
11517
6619
792
11055
8655
9880
20330
21559
1979
2879
24221
19817
18024
23928
29269
14362
29179
12397
24693
8781
7788
17673
2146
5002
2223
18551
12972
20796
19021
14770
24853
14166
9490
30889
22714
21377
24631
21985
12508
21728
19983
29296
18354
11797
2151
15240
4702
127
12268
25296
26031
19083
28827
3390
6406
4948
2962
16066
21937
26865
10117
5182
5565
18551
7718
22559
24204
20540
13870
12993
14402
11873
8796
21769
18387
28452
18471
11458
9433
12992
1689
20958
21161
44
22638
13256
13793
32410
17273
28363
23038
20046
6576
5181
14327
18903
17450
12022
15174
9677
21982
7474
28232
20636
13302
4475
18252
21042
4160
5701
11021
25712
9153
22001
20273
19047
25076
3445
14112
7866
28759
26848
27370
18435
29111
10617
24163
16995
12434
572
14156
7292
21078
19851
1493
2050
20026
117
6758
21694
2106
16682
16441
6089
7738
5123
967
3335
22580
22909
16760
14103
23779
16835
2248
6012
27206
9452
4672
11440
4078
22696
3805
23564
14861
27119
31864
14400
561
5203
31285
13123
7773
6615
5895
32235
29241
7619
4981
26264
6054
10904
8465
31543
26853
11134
7643
21586
28509
21187
2811
7248
28614
14203
5425
29822
2551
30406
18114
31979
13823
2063
5702
22069
27106
767
22775
27184
32765
19283
20766
18275
20123
9753
27358
10331
1076
5767
13023
28387
5886
2489
25610
32121
14789
17169
19704
14867
24087
24070
26025
23152
1849
13652
9412
25037
3259
27918
15451
32667
17522
18113
19172
22537
21115
3398
11246
14528
23244
17983
4118
10029
8576
621
26550
4982
17384
21844
14986
19688
5415
14083
14802
4060
24916
21099
3214
22348
32154
6428
9104
22255
4355
4867
10779
25347
31440
30358
1942
15487
13993
6192
12093
30754
11065
16430
5020
28074
17339
27480
27952
6442
10898
5138
10695
31586
1455
25352
14646
12153
20724
32635
1137
9861
27581
19159
6230
18110
30130
2581
7566
3275
29009
32350
25173
30065
20420
27307
3821
28360
13999
19157
30549
30504
25812
9444
13542
6503
30199
17328
30447
326
18113
24688
6460
15416
4152
22913
15546
22482
19914
15422
15891
25392
6047
23128
27286
17818
1556
18079
6439
26847
8950
32522
9559
7764
8629
32573
14646
7799
21200
27525
32442
1452
25905
31303
25647
26768
18772
24494
20269
20717
32412
13845
18932
15911
30761
31760
13198
20433
25351
3838
27602
13165
21128
3022
15892
6337
16714
30225
28025
19921
26057
897
3044
26153
9905
27807
15897
31260
27331
19257
16918
19516
8814
2452
1458
634
17284
17576
7276
11813
14897
3612
21807
3861
21306
9087
10058
27759
28387
8769
2846
26470
1387
29037
16419
18710
19942
24375
13811
29215
794
14115
4765
13430
23365
16487
13447
19565
18712
24479
20485
1260
16899
30962
29193
12990
3544
6755
24112
25332
15100
9279
23264
10321
26794
30100
24450
22338
15363
28524
7379
1483
28079
14261
30276
6516
10780
10883
6751
24416
9671
21910
6587
29634
32129
11826
5693
6395
15005
11351
1455
18215
4749
4639
25403
22349
1881
6239
2399
26333
16086
27537
3935
26414
6317
13861
30081
29928
18049
19994
19799
14782
9579
13515
5600
9783
2791
26997
6054
8982
12537
22961
7758
8171
4396
1945
25525
10486
18433
28611
27771
11409
1560
7049
31946
21734
28013
9031
14394
182
26625
9620
6739
84
11923
18112
28747
22062
6889
23039
30795
6962
2895
12503
30059
18020
3304
1347
31663
17023
18585
20990
1617
12853
26890
11518
28022
25341
29188
27138
14970
9740
28196
2394
4194
13245
17618
15801
19828
5827
6094
2605
16137
7244
32373
22619
21834
1827
12332
16593
3812
9531
24528
22784
16681
717
2552
1685
15799
30773
27467
6406
25817
4313
21960
22259
601
8499
14060
28952
8218
9477
11224
12361
10737
12487
30705
30791
1454
3135
10760
9235
25282
12130
19673
27060
25928
4491
24397
25156
28809
18050
8158
23544
31376
10358
28651
20305
2626
766
32654
26834
23386
4813
3023
407
25821
8649
8916
3438
23115
7404
2568
7743
20374
8988
11689
29548
27448
23612
4690
20171
12837
13649
23164
8496
196
27571
16798
3314
4741
4998
555
22746
24719
32493
10735
17665
18862
29382
20597
28351
26977
1108
25881
30987
19656
4532
29501
18391
11095
4953
20106
20169
1550
10785
26288
16548
3895
5129
9
151
29194
28446
16254
8916
6664
1841
15535
17074
27847
15449
31275
14362
13521
15408
859
27618
21848
6724
26329
24453
9997
27069
1967
6143
26943
22449
23324
3825
30642
30724
20776
21837
18448
14737
58
25996
24134
25705
24107
32496
21001
31934
13615
25060
18656
28625
1671
18675
25055
7132
13073
25028
12395
28348
11841
14178
16177
12919
11264
21532
6593
867
5455
6280
11240
7677
28688
14147
14291
5158
25221
5696
28633
6844
19606
5220
19793
12683
15042
12949
29240
23872
8191
18821
18838
21478
16570
11022
20008
10832
30981
16661
31951
10133
22166
11317
23281
2761
13437
10669
16535
8147
2519
15371
7930
24948
15979
7422
3275
2649
23657
2570
6827
28775
31671
20330
21567
213
24773
16341
19260
3893
4638
8492
26778
30515
28947
11012
6453
9005
4692
31343
9409
9791
2248
13144
5217
6018
3933
22005
26782
3194
22991
10183
4337
25801
32130
8115
17586
1107
31998
13342
11114
24837
6430
3397
13600
27883
14804
12946
4191
1977
1721
24141
10889
5988
15897
46
31230
18217
30674
5408
5297
5414
31610
18205
25114
18316
29009
345
31510
2875
21255
9277
9870
25434
12153
26612
23231
15272
17433
18978
7561
6336
8191
17271
26987
9440
11193
11689
21600
2850
8023
6540
18370
6216
11886
21389
27059
2263
31507
7898
32511
21341
7081
617
24946
5390
25898
22484
12985
14056
24366
19998
20145
23582
25099
28817
28756
19653
18508
3161
11653
8878
25077
21306
8139
20222
3520
28207
945
30732
24338
7959
16038
4501
20096
25166
5639
16537
2737
4375
5834
21697
25295
13001
26379
11513
12567
31327
30459
32397
25177
510
24486
15915
6860
31963
4262
3839
8851
32577
17055
32478
15618
2117
28662
10161
27466
1712
8249
9418
32663
14436
13380
6611
5511
23640
18570
1662
15227
7160
18164
28599
27341
29245
4734
14386
29980
1181
25250
10835
26910
14196
13561
29611
2155
23969
32366
31086
24191
1355
7030
26521
6662
14286
16351
2166
6646
8722
3139
9620
13776
8780
13707
14867
15647
22754
2211
2361
5042
8219
61
21213
25410
5704
1135
15883
20782
24577
3579
23747
14647
24534
24600
19611
27147
5639
10334
23284
2071
8715
5037
821
18864
25657
29114
29528
18834
10655
8546
19900
32521
13710
2185
689
22429
15850
26259
32286
167
32225
19619
5807
26272
6248
31118
27607
1069
23919
19639
658
18484
24096
6729
20452
16097
15913
5512
16497
31262
29167
8012
27972
5741
20246
22144
28464
19442
11472
16981
30290
8206
8870
32579
11496
20458
5862
295
11387
128
2746
28942
28941
15234
1088
14416
16636
5387
7661
25990
27255
26131
10865
29902
4793
23280
29501
15821
2192
15552
719
7283
20917
27787
7211
19544
20535
22895
13415
2291
13409
2477
27548
425
1708
15222
19045
15618
449
24495
3928
5037
17447
26151
14758
22848
10964
31779
1794
14495
20176
26654
16273
28958
2502
16660
9425
9601
26744
14256
16445
4825
3443
6770
15300
22742
701
31909
29751
535
17189
13793
22294
29083
8455
25885
2468
4477
14292
30789
1666
20858
24377
18510
1189
30782
12466
10084
15438
24356
30239
29429
16070
22628
13151
11087
29016
1532
797
4303
2315
19696
19322
25126
17015
19413
10922
10092
16438
17051
28288
19274
26961
22966
31302
18276
13790
15595
4677
29104
24419
30371
27871
19630
13491
2918
30891
15031
692
9380
17484
296
5108
9142
1518
30739
11326
10530
5817
617
22114
23732
12989
8893
19020
22335
9074
19205
26996
27549
4457
15855
11738
28001
7912
4814
17175
8767
2939
18947
12067
8940
20557
32147
21431
19343
8729
21945
804
19359
27875
18915
5444
13156
8761
25270
19103
12372
24155
10721
54
1019
25145
13136
28227
12817
8448
2603
15853
20675
18810
28222
20472
19524
8723
13818
12961
2308
25
10266
22782
12068
30879
9519
24561
26112
7509
18609
6406
28327
11811
781
966
22233
32570
26467
8313
27703
6354
9630
12643
5064
23060
3689
19194
29893
14094
14219
13106
9479
4192
10676
2535
12467
21695
23362
611
27816
13173
21254
19284
10568
26340
5626
23587
2659
8401
9450
758
7740
12583
1538
11554
17982
18612
14727
27816
14587
31063
32645
10464
15806
16798
4057
11181
29385
6062
21417
9768
10712
22203
4590
10343
9362
29400
91
434
31642
28213
30689
29793
9072
19959
14274
19855
179
607
26449
2848
27636
28161
2332
5545
8726
27859
19444
14519
1095
23555
21583
9206
2704
7392
14410
9194
24291
5887
17666
1846
31052
29736
5122
12681
16615
8853
26757
32280
31981
19592
3763
7542
18684
7445
26260
1392
4972
6275
31302
3520
24134
30988
13570
15117
27316
32101
31941
28962
5980
12436
23746
23354
24310
3401
19151
2408
6627
17774
30932
26054
14541
19835
28234
18873
6324
2111
29468
21902
2413
26904
13164
1338
23453
22580
17651
15095
16347
18460
21441
17349
19027
12717
32602
6535
738
365
18978
8177
17752
15754
19027
4220
28998
15856
864
12027
767
18590
12975
1057
10997
30735
19061
30803
19110
2495
32656
1505
11130
23099
23547
25974
14031
31651
11838
28663
25963
2136
22826
26680
28568
1406
9265
12233
25133
319
24116
15865
9974
25020
15433
4933
13981
6191
19053
29370
16623
5330
6153
11041
9447
21154
7138
8074
12060
23888
25910
28467
1301
14881
21987
22260
11969
15108
5525
9914
11639
31750
28751
4227
7099
8252
31707
6123
18649
23328
11014
13798
16216
20921
26201
297
11862
15013
21892
31062
9948
27213
4736
19661
20480
26094
10063
20348
28960
5660
7948
25244
7014
19010
25251
27559
8809
22960
17377
4012
5746
15199
2525
6161
4171
27142
27418
7491
20188
20176
23557
1517
6352
13676
26583
4472
5971
27716
8247
4930
31987
20741
15371
31920
2993
11858
5696
30954
29128
11066
28190
6982
13291
10057
15682
28947
18632
23291
10858
15506
19733
14431
5981
28010
476
20445
18494
1904
31976
3048
21513
6985
27642
28713
19662
4286
13956
9865
29024
31671
13440
16413
13196
24388
3557
19411
4065
13249
30255
16006
32684
6695
31429
10272
28430
5191
16871
14820
22515
4960
12713
31129
18325
4990
28165
9664
6056
6781
7866
17808
9415
7983
21647
8523
32300
32090
22089
3350
18530
9071
21721
8321
13476
9411
12911
6672
9788
24293
18525
27219
34
25824
15661
24775
27016
7230
13631
30558
18414
23669
11019
8038
27082
3546
29827
26085
10391
27435
24682
26577
25492
7853
5843
8582
6983
26266
10806
18817
27138
12917
23981
16603
31284
30296
9594
2839
6774
28681
25077
13185
23255
3531
18843
6159
961
4225
14905
9316
20801
12896
24105
24819
11223
15781
17623
5728
12841
21473
392
14776
2843
20940
10505
17790
4883
21119
15160
4847
14533
14602
30207
20120
781
28706
24531
19530
16817
26844
30527
27432
15474
3294
18534
24970
14261
22255
2997
8563
4324
27693
11752
28858
26768
27766
16864
6095
18843
2314
28943
11087
29932
16552
25550
1757
16938
2176
16119
20806
30413
16757
1712
3441
7110
29760
21885
2889
5077
5758
11984
3857
14034
18604
6565
20186
23424
17552
2400
14281
3717
20915
28762
24364
23457
22515
19983
15630
1407
29753
1925
27256
898
1420
11551
24438
30955
4592
22960
25924
28912
7665
29386
20014
14445
32218
11559
24512
24208
19327
6723
9863
7570
29811
24107
6776
22739
9031
16289
26435
7361
26239
9503
22054
30457
172
17011
6043
17157
4956
3662
20684
2062
26430
12090
13898
25417
28559
11556
12986
30363
23114
17378
11209
8429
16541
8467
5553
11175
31041
15059
31623
1095
2212
2023
25063
10546
19802
23868
8498
6587
28587
29875
7353
16556
29705
14665
8625
7857
32397
26013
9915
32709
27870
29474
29705
10070
16406
1940
11608
6660
6909
3270
20689
30991
456
3297
3851
21401
30335
10850
18759
3811
23035
9423
13158
144
6909
31411
9669
18316
19319
12496
14317
27102
5560
25758
29772
19278
28619
5893
20216
12980
27206
13443
12999
19345
18189
22345
32666
30196
9961
13005
17453
8709
6997
9943
1149
15643
16090
31814
32587
15235
7371
32251
2703
20774
16330
2433
12380
9967
13573
31254
18470
29234
23603
15236
26984
19649
16735
26874
30748
13630
6846
27562
31636
15152
21366
9766
14978
14295
13400
15772
71
18163
13667
10150
9300
5172
4331
14883
31370
7542
21497
6447
25945
14235
19933
5695
1137
8302
20254
17261
14153
15038
17153
7723
14709
22773
22650
27152
26029
31852
18449
14
21569
31517
21399
31166
26176
9375
31349
21828
2659
29112
9907
24580
23513
13037
3890
21105
2682
26413
23996
8707
4039
25368
21549
30392
22518
25121
6848
26910
14505
30045
13372
24222
23461
27314
20888
25239
19448
17022
30453
3278
24550
5190
15970
16108
39
12193
10140
31632
11093
32093
5589
21413
10666
545
29155
4136
17369
30688
19136
7343
14088
7516
15184
5127
2605
19131
30303
22285
14109
23718
13247
20390
8256
29552
27211
4433
28884
966
21341
7945
9869
4955
26720
7076
18960
30692
6654
31866
17215
550
5008
3905
12696
1418
22591
11083
1289
15282
17343
22709
2433
3266
6164
22605
20015
31147
21127
21645
8362
8868
24404
2617
23705
25167
21430
2474
7761
31917
27966
9601
19374
5589
5260
36
29735
17647
14801
26245
23658
27350
14475
16686
13483
27952
8075
27318
3141
18081
3045
5163
10052
25514
14782
26939
24696
5201
1877
31533
31946
25928
24930
30600
9379
26720
7639
18584
50
28095
15142
18963
12248
20271
17478
29745
19574
27761
31756
32580
30198
9195
6823
32347
15199
1327
29705
14760
30546
26664
22584
30072
10404
13261
998
7837
24343
6655
22437
16921
4782
32245
6551
13929
15719
26528
24430
18691
7322
18824
6136
13529
17568
4696
21397
6794
27593
26972
7344
2169
28080
29794
1188
14995
10119
16742
11304
6241
14817
31872
20154
7920
16736
3308
5633
10254
28473
6338
10350
21576
23344
27839
29873
13379
21806
22046
20393
822
23217
16561
17472
933
25095
30749
26087
21528
12113
29347
20675
19481
16065
10181
8492
3813
3105
21379
22806
24817
6838
15424
7837
2345
28490
26838
20034
20989
24155
24396
32477
5691
12070
4859
13832
31169
11832
6609
3706
3677
13541
13973
3716
10833
15388
3941
29030
30906
7517
30078
15617
12118
19908
14667
5661
20996
4914
29544
25610
29560
1524
26373
32104
25325
14012
32573
10814
30537
4845
4862
29975
18845
29391
1231
13601
18688
21900
4833
5418
2960
7171
5634
30632
15301
10667
9155
24406
18104
28627
15252
8612
18314
19574
29131
1264
23092
13321
30195
17861
14439
32629
28829
27527
8816
6970
10601
15635
21960
18515
22877
5809
19523
480
21811
15888
19547
10781
24448
20783
32028
22170
10687
19965
7709
5635
12639
29002
25249
31067
19544
21858
9901
18916
8059
31307
22480
17822
9045
17770
17864
2242
4774
31586
3442
30424
28738
32509
16810
16113
17576
4743
991
19177
18488
32464
7831
30916
14800
7112
31152
20735
15489
26580
9978
31074
16634
29080
17311
7497
15606
16221
31153
3701
18975
23229
13349
9302
3002
5529
7746
13824
24733
3751
6029
16347
21207
22515
18797
21000
12804
15917
4632
701
20783
310
10611
17365
25610
30051
26536
1095
27397
16035
16891
1227
22187
3449
4917
5615
2546
1401
2227
11899
8561
4923
13195
165
3322
5193
22997
15507
25895
996
28416
9836
11329
25404
31209
26854
3600
29292
14563
24568
9139
18839
5774
25134
26322
8948
19563
1697
25006
9031
10928
8925
26430
20874
28064
25204
18215
22809
6106
9791
5887
25913
14521
31798
18165
15841
10924
16677
7809
21897
21081
25765
17952
25930
3402
31124
29987
20864
20442
5979
29646
23648
13259
26684
23390
32358
582
16924
21869
30476
28658
351
14112
15578
7174
28553
14573
28621
32477
31313
6535
31509
19492
30308
9251
11485
7426
6461
4272
17188
3133
10230
4992
15246
10477
1204
23827
13901
32260
17715
12213
6633
16065
1524
26428
12842
32230
16254
2352
20487
3066
25645
28718
26490
13486
2978
17238
28923
3868
2739
3793
27137
29757
21521
11433
9100
22476
9824
1685
18397
13661
3936
10529
23593
6167
7606
18968
9533
22885
9998
18724
30466
16538
29783
7870
2324
11918
30722
1688
