16655
30496
29455
24240
6421
14802
8996
11031
784
9127
10495
2286
20213
23205
13690
7615
967
539
17452
10954
27823
21928
13555
19212
13323
26698
28626
31631
30994
10943
6053
26228
26047
5812
17046
14640
6275
19329
4399
17906
13292
21066
4350
16668
16432
11231
26585
147
29713
9061
22255
27263
17058
9971
22150
1939
30990
6350
4071
15736
8098
23402
12420
23597
6676
18131
28977
27372
27635
17081
3688
32666
24445
5717
22305
30392
11868
13006
6120
14981
7130
6513
25765
17173
18813
27579
31021
31672
3132
27638
27133
7868
30433
15592
12637
24051
2003
24959
28718
23888
18549
6818
4736
11821
3939
22113
32657
10755
21122
28760
10209
21017
27792
25268
21426
24166
9690
7147
206
2370
26827
9737
16689
12757
13932
1488
19719
12068
26954
31887
14892
22870
22735
5853
4279
5279
1627
20132
4806
16106
7811
21200
31781
8332
19053
15251
27063
2204
21739
12106
23241
21341
32758
8587
25734
13292
27583
29575
23158
5809
18237
7246
18001
29354
7736
974
25241
14707
20534
8421
22273
7102
3705
24846
7279
29783
9347
10944
12568
12661
6308
23768
30773
29031
10254
15373
32117
15885
29242
29373
31995
25512
20999
27737
22619
18652
6487
11034
16150
19857
28941
3703
22926
5172
7269
11505
5633
17239
1229
19437
24081
16666
20576
511
14237
22522
5148
19164
29111
23080
6908
13963
28134
14406
13453
16279
3630
1722
8222
16270
6816
8436
11196
25906
14230
880
20257
13750
20814
4579
26535
6182
1372
23517
6429
24253
28816
8209
17338
31300
4279
32081
26968
14961
21344
21684
5010
5046
5972
13873
31169
9490
19792
21577
11248
19153
7676
11824
29537
3177
22960
19479
2445
11828
3332
3426
18302
21559
4085
21980
1209
13618
7631
15726
11952
10222
10173
28851
7311
8961
20250
17997
8285
20963
18351
26435
5093
24367
7463
9456
6605
31724
18043
21711
6054
19551
6108
31184
21867
3931
21666
26707
15493
26352
6274
12361
16896
8554
26177
13847
14732
13125
3435
7143
2448
657
13198
19988
13896
12658
20503
16968
17421
13854
31976
30632
28941
5334
4864
1707
25494
7142
17478
22374
30744
7832
14648
6499
19551
4071
9127
21295
17060
13887
27564
27672
8539
7190
1516
24318
1842
8915
27881
28091
17092
27408
2589
32362
5210
23893
8556
25282
28169
12067
21282
4800
32715
3569
2593
3774
25754
24470
2914
26728
12509
3862
8871
3910
23570
15210
25689
7463
31857
30082
12405
2546
2614
32067
28347
24873
2416
21027
14156
25355
28570
30468
21989
19361
27346
10621
2189
25174
31770
11451
19947
4587
25153
16574
14133
12538
8257
16235
18908
17438
3867
27071
1595
14269
5025
24436
15319
22872
24647
5414
12908
28741
22804
22417
1218
1509
5591
3342
11119
14735
28055
22496
16262
31264
28370
13201
12816
26014
1491
7298
22470
8626
27412
265
6910
9583
18533
30356
4770
22902
553
23048
28168
29211
31877
13220
21509
10831
14045
525
10184
31845
26006
23547
32050
7081
1115
2495
26031
991
25800
12978
24332
13762
4084
27973
3185
31233
25663
32179
12085
23360
26129
9759
15752
16583
32456
8985
26895
2774
8872
26136
14474
32749
22860
16396
2296
1300
6202
9854
7851
6100
2784
12150
8706
29305
29467
30642
1153
21207
18139
421
32495
32273
11325
26929
8259
15949
16240
23732
14761
15092
10631
28552
25037
1048
32645
5034
14182
2659
4082
1982
28636
3583
1669
18196
2432
25824
17604
9384
9516
31262
21646
25144
31849
26261
22474
15685
7806
6771
9952
23408
11221
27719
12483
4342
17528
20855
1706
8257
9835
25836
29168
19224
18160
15868
11239
23810
17869
11040
20862
22210
25005
18932
20810
31726
26507
29935
4642
32405
29639
18113
11783
31213
29472
30630
25766
335
10057
25476
30046
28477
6009
3731
28432
3112
8105
15544
31864
26489
18905
20908
8628
16885
24717
27461
6023
11043
12478
4487
30158
22183
28818
15099
26075
8960
23078
5576
3588
17370
21263
13649
30531
22356
25194
18561
8242
23061
16426
17745
26417
24497
27904
7435
26450
20413
8556
17522
12932
32624
14347
2526
2439
16115
31258
30364
1449
19346
986
31894
6393
10333
431
15329
25051
30251
2327
22435
17798
29354
14412
7256
22545
952
20427
6637
11310
13863
18256
22404
17964
11662
31953
10327
3173
17754
18130
4080
502
30247
10086
17576
7212
19910
10122
29699
211
19562
30674
7865
5313
3558
12265
30571
5783
6532
23934
32466
12611
21434
4525
3282
15318
29005
12093
24644
14741
6704
26666
22194
27084
21
29529
31448
8990
7202
7580
7031
11924
1646
11136
7760
7313
3869
16986
22858
15788
7084
17715
20529
27570
500
20042
29991
634
19446
13105
31946
25596
22362
30676
8245
31044
3896
24197
7518
17273
29628
23282
25180
5913
27251
25619
22774
1672
503
7793
16206
15441
6918
14430
13417
31022
19255
17690
13598
30362
1631
28603
26065
1736
21589
15902
11012
6600
21167
3442
25003
18441
24983
825
12800
12978
24992
28401
9736
31473
29731
10982
27164
22969
6503
22207
17965
24777
18171
15077
17933
6318
22549
29232
26189
25647
20746
2150
4409
16826
8437
27113
26704
27335
19856
11454
11156
16592
18260
672
27458
15788
26680
29208
16147
958
20405
2844
24603
6762
19967
16630
22666
2480
4365
11375
16892
2463
18274
12036
12617
18896
7930
24601
16942
29246
17902
8086
15407
13994
23081
25890
10716
24317
29092
23278
32111
5410
29603
1760
23786
16311
12440
2383
22279
14767
10367
13468
6834
17302
17524
14800
11722
24152
29664
2778
29509
24666
23476
4506
9117
14325
27169
17819
19333
15995
8068
17339
20726
26391
10828
25604
23973
1187
1441
4656
16477
10143
27645
26290
17156
18945
12739
6131
28366
15020
9880
20616
19190
2344
13109
27531
5970
3240
724
21866
16065
8595
18560
30862
29001
31271
7028
24227
24626
11244
7501
23845
24896
15316
24520
30371
386
472
12129
11943
28910
19007
1512
17751
22313
26650
17422
7124
8865
1783
17970
2816
16795
19204
8862
17716
25313
13622
10529
26625
20399
8685
3823
8634
29189
19914
4807
19980
8133
26902
11101
7738
5862
3978
24783
16999
4401
18083
425
7005
8061
27968
14302
25829
4279
25539
13945
23606
30970
9905
23692
3043
727
8237
28512
17534
26600
18464
14526
27252
3671
367
17314
17928
20383
30957
6209
5105
19567
7646
4337
23774
10023
30906
11994
1361
10587
18563
19413
19633
12569
29597
31065
29518
6351
27338
12373
9686
6752
7190
369
12242
7655
23921
25658
14839
2983
8996
19208
3483
24714
12443
11571
4277
23782
632
19605
23347
32119
4050
21770
5925
9615
29633
6043
28287
746
4533
16567
22734
27991
4992
27254
30113
15661
23800
19211
21417
5556
26829
28185
26596
20112
28870
6207
21293
18671
20802
27504
17126
9942
14089
16441
3602
32024
18440
13647
30258
28828
19712
30082
21356
28772
15110
10711
31930
21418
32044
22911
18214
16073
15659
2642
6311
6294
22907
12799
27900
14504
18323
6894
9395
6370
21018
21952
16448
23721
30102
30185
12144
25726
7383
9828
30167
32586
4824
14694
6100
5911
31063
27859
9767
28333
8735
18222
22510
28051
27982
8699
6222
21107
9516
93
2024
15654
18770
21977
10954
29358
10403
32058
32221
20212
30879
18900
237
18768
9012
19502
2151
20165
6396
21249
9553
1114
22499
890
26141
10212
1241
30307
31536
11430
19407
16288
21995
29849
190
22292
28634
2919
17099
10954
17227
6078
18998
14946
4200
16907
7382
21939
26701
16285
26096
3703
15127
27218
24666
28944
21453
17672
10376
31438
31870
20587
18440
17200
3814
9185
9236
11225
29273
19238
25364
20316
9015
10090
14840
2036
15837
3098
13588
16811
27380
21270
21777
26994
23391
17566
29358
5254
27233
6031
12478
16679
3122
13054
21237
22364
29377
23837
8325
7930
15567
27373
6023
22221
14919
6387
6107
11043
7065
29504
3749
13346
9639
3546
28576
5070
15543
17757
29971
23860
9644
24169
18693
27196
16055
2900
28862
30524
1387
16930
28349
31291
21403
28447
26090
306
5855
6752
5348
1435
3439
9538
10820
25566
15870
4159
6854
24655
897
8749
23746
32345
2036
11782
15798
9651
8338
25741
29634
29137
31871
1234
1356
23858
6143
8813
19627
4992
31095
7324
22611
27743
29711
14524
27881
17476
1344
18892
2995
7173
7187
16563
12177
460
32309
27321
15939
21621
792
9122
8468
18711
4926
25872
13824
21421
5649
25744
18801
13945
19997
30979
13900
19607
32516
27149
7849
29027
15600
26651
30220
7082
15968
20096
22907
19243
4358
9607
17029
19187
9606
10863
5047
983
15239
11931
26648
13710
3230
5540
17425
30856
11817
15169
24869
1180
13464
32292
31333
10873
31601
24852
30876
25819
6692
13038
12002
6039
28776
29810
5244
30958
4734
8689
26311
8644
28112
29704
21066
11045
14227
10945
28282
7629
5014
1754
23554
12816
30302
7399
6164
28091
19618
20158
17925
4917
14715
22810
22860
8778
19941
917
17316
30053
27460
22243
23911
6284
9127
19058
3817
9128
1182
16904
9163
27828
10136
7850
23924
32225
32174
11356
31100
16075
16522
18073
253
6371
6432
1357
4629
23757
14809
1071
19617
29465
30934
11560
9843
595
14268
14359
11429
9031
2738
20090
18043
21138
30629
10078
6096
4959
28037
28874
1337
7503
18507
29820
8423
16638
5826
21869
28164
2012
7495
22929
18964
9892
25040
15706
535
24073
22426
21654
26509
30385
31728
1150
30763
27115
23104
17944
29114
27513
22536
8760
8873
1861
31891
21224
6226
24618
32713
5157
6183
19584
8792
25394
5086
30902
9634
17815
18666
13197
32739
12240
12074
4860
29619
29206
13183
28482
4364
11924
9556
20412
28933
9388
10600
10305
25846
2098
3729
4686
24513
7843
4632
32387
30782
20376
6429
27869
14112
17365
1223
14433
7738
8555
4478
28069
29049
21546
13249
30618
20134
5864
6365
27026
4611
14278
24641
23569
1400
11224
4114
6683
28492
6797
22219
17560
6156
23526
25844
32201
10710
22586
26583
32334
28322
3802
9000
10263
9402
21937
25790
1110
13639
31691
24204
18926
17185
20205
22793
4108
4565
18531
25775
12344
19877
19255
2661
9850
14899
4982
23356
25792
7814
6109
23459
10890
32102
27740
17556
27439
23297
10849
21996
9074
7829
26463
6181
13637
30448
10771
31305
26300
18296
17933
3781
25540
31309
24557
23419
4154
26030
5325
8914
4743
32502
25789
19232
22537
20119
19843
27491
13834
1301
25173
17875
20713
29897
15592
14375
9735
18154
16131
31874
27340
14237
18124
13617
23239
16295
9142
9166
21561
247
6081
11865
26859
20952
27126
12249
22378
12432
23484
10665
19516
5136
18346
5012
1939
18997
7331
16652
2711
32295
24402
15686
21241
30973
14553
18355
29064
7925
28188
4574
5126
15024
6288
13043
8217
28935
17411
15106
12643
24951
31302
10619
31640
20061
25136
17170
2026
8805
10087
5471
11509
15860
6838
16234
25135
943
24419
27221
9943
8339
8874
21032
22478
21520
6707
5499
20822
27411
22414
11882
14145
10560
18608
8671
20592
29747
23544
5292
14874
15082
31438
1962
17619
2402
12818
17584
3708
30258
1373
13332
9250
19307
4960
6575
28053
21530
9132
4628
30957
8716
30725
20944
17642
30543
1690
5472
27715
16004
21777
1832
28231
9133
17745
31819
23679
14197
4934
2681
7116
9928
16346
14835
7738
9588
3355
6240
25817
5791
19363
15635
24916
2103
2357
31282
28485
12947
1409
3808
6711
13218
4638
32296
5796
8468
22457
17131
30032
30289
25715
16687
31665
24598
29759
21935
24911
17666
16685
32346
24334
18686
11957
30261
11985
9398
14213
5778
26054
19168
17925
32166
20458
10288
2888
19142
12710
19031
22311
25533
10230
10833
12122
32327
8262
1106
14373
15488
11908
906
25160
4377
8972
28614
26421
20506
31052
5575
31428
25180
5945
17595
24370
30919
23346
26974
6963
23278
24310
30052
4755
12299
15706
32057
10796
22509
5326
899
18569
9319
2415
28802
9349
16433
21778
18544
25709
26566
12933
26660
20838
6218
23842
25909
11440
32207
10013
31832
6451
7438
2454
32189
14929
7355
16351
25744
22208
29657
27098
3683
7764
15439
32113
17901
22684
9206
9869
8514
9727
16600
23761
22294
30102
28104
26539
9578
26898
11830
27783
5910
15767
9136
7164
22201
11950
24099
23292
31785
7203
16636
6831
1790
11873
31107
11225
16702
28436
16789
16640
2972
12010
13759
15448
23989
10426
29813
24947
18882
32551
2692
32103
10267
6107
20564
22529
16501
31432
30269
12219
22499
13224
23366
28928
14419
25129
4836
26820
18161
7203
30212
9595
25492
15261
16901
5441
28295
8207
24474
13466
5133
6278
13155
19028
25467
17289
28627
8929
2199
11602
3922
32113
12481
25318
10423
6203
24807
26654
8706
19602
14094
3899
30302
15214
21976
5697
16476
5373
3581
25811
5651
18834
17332
3611
9931
28375
2587
3507
30202
9343
10624
13117
7500
1612
27136
24667
5171
19847
29727
12691
27387
13237
26617
3291
6715
11111
12539
27851
3736
18981
28209
2219
17266
9975
12409
2558
7132
13426
20587
10997
16681
30025
16436
5899
27303
12331
28175
16927
7339
24374
23865
27943
18745
23130
549
20730
2146
26637
15935
23484
18319
2549
22491
1827
17224
15013
17440
19119
24603
4025
27462
22528
32031
12574
13133
9404
21995
20445
16879
20746
5686
16859
9452
6822
18237
12657
12821
14252
4254
548
15270
7581
23225
14715
16512
8555
11691
20315
26129
3598
17971
19642
27471
19886
25043
30535
29611
1967
10298
4228
24843
7205
17834
23948
6604
9144
10029
12845
10941
3448
30305
29767
765
15333
20485
12275
15019
15083
9503
11390
2035
29935
394
19386
10642
27785
6599
25214
26003
8395
31410
18389
4228
23689
9824
10496
26386
24542
31546
19834
16409
16386
32349
5423
17522
22259
29276
1566
23716
9375
26819
30133
18269
12295
14298
20223
20558
18801
21903
11776
4396
26098
29442
16869
21955
2967
4345
30518
8726
30529
29549
9650
19047
27059
779
505
2105
22975
19425
17603
28368
17331
14247
19397
4150
18762
9648
24377
10969
9803
3948
7601
26866
6397
14530
19159
28396
25576
6405
15805
20752
10721
1993
23588
21457
23369
21210
5260
301
21444
10592
25514
20209
22540
12606
987
17796
476
20551
9310
12777
25372
23730
24364
25681
8234
15190
14165
21878
16486
32199
8773
6768
25081
22905
19830
8034
29980
8734
26919
13717
32273
16184
6547
15129
32421
12098
18445
27914
19308
20733
14166
11844
30586
4182
7405
13889
27539
2068
30334
27317
20843
18848
17192
120
22898
23182
17460
27563
13452
537
30367
23955
30470
21141
27403
16967
19292
17672
5906
17001
9275
8971
16231
16521
7301
852
16518
16868
7180
6507
23265
3186
17883
22707
21674
29430
10333
5506
15372
14359
4936
61
21889
16681
31120
1192
28152
26563
24892
19549
11470
9747
21633
30549
758
31475
3177
19827
28192
11653
31117
11465
16977
29772
10663
17009
13011
18318
24400
32479
5951
10842
790
7232
27758
26245
26069
878
20334
29594
11730
20692
12181
26355
4047
26071
8043
20730
23563
22522
28952
30951
7064
16590
13027
4773
16650
2661
31565
5768
18437
29232
17012
3196
18464
21188
21537
23458
29722
22614
7567
21397
4411
19429
24198
14650
19432
9443
25254
829
14267
4667
315
30410
28196
6820
6788
20999
30200
32086
13197
2419
1090
12349
13843
22935
2480
16063
10217
22828
30877
6634
31838
9115
10219
21898
27280
19031
18052
6541
7176
2267
5625
16790
30643
14697
22411
3049
5272
18367
3125
31456
12549
20068
11709
25373
5915
1778
11535
27762
14986
27776
19792
23279
11782
17598
9672
11043
4375
10881
10676
2775
20689
21766
15340
7260
447
15821
24408
2924
4252
4760
28339
10956
15572
11467
20233
29167
14727
21118
22221
17595
1796
14389
8796
23175
5814
3902
23538
3629
16317
15835
9941
8509
12157
29286
6851
2636
2737
9162
15152
25922
30648
984
29399
15930
2370
23027
29725
14367
6369
26696
2303
13126
19437
21293
27014
31251
31042
25801
26867
27170
139
20178
17277
30367
29149
3153
22131
11012
6075
12718
12483
29695
32383
18119
23752
24725
28715
14626
27459
1698
31929
4528
29464
17455
28120
14427
27062
23665
5320
23947
27031
30925
2922
2128
20971
7442
7602
9698
20935
29988
8919
3199
2222
30129
26970
7657
22808
16129
26796
9071
24073
23545
26977
859
30641
16294
25950
9456
2358
27325
15797
28673
3017
27901
5721
20670
6493
17705
8201
26192
16962
10637
30155
2351
31227
25782
26840
19070
9809
4299
7884
3935
13015
19872
18224
11990
29187
12165
20417
9191
18760
15004
6419
23078
693
24954
18362
13404
2002
5498
32761
28296
14489
20758
6806
10911
25962
19260
29213
29149
7005
7911
25309
21356
631
30441
15378
28096
29677
28752
18751
32467
23425
2507
32509
17748
4286
16981
1715
24960
21696
15245
18428
12716
10202
25174
5389
9767
31434
26919
10999
22425
2539
16660
4226
722
22816
19559
10157
27674
16735
20276
4219
15370
14231
13236
7877
7852
28089
13042
15805
27699
13854
29419
20795
8315
28823
32501
8125
25894
20172
20562
23898
26412
5807
18136
17988
20893
17793
19344
29709
8192
2409
30261
13346
24656
22872
19940
25858
8462
11598
24684
22552
17473
15865
22450
26669
5200
18421
15966
3782
6814
10062
30108
3364
26111
29642
2964
16698
637
3323
14525
7549
6399
19985
29405
18777
6774
18150
22681
16129
2511
4988
29226
16022
5413
17669
979
10011
28808
4112
5577
18653
10579
13656
14503
24405
25650
8641
14340
15761
14217
5909
3213
12207
19087
9664
28694
15214
27191
28287
32160
11657
13051
3401
25483
19986
11208
5097
14231
22231
30418
3156
347
6844
15591
30645
19750
7184
32373
19304
13398
3321
28336
31361
27849
6296
24353
3604
21912
28640
3337
32550
19761
29295
30590
30099
9212
3307
21869
8375
26026
4826
19889
10824
5551
18057
25757
5556
24184
18809
25073
15475
16976
16425
18769
26073
13421
7239
7626
19700
11347
941
28410
7818
11189
1326
17191
21937
29612
19811
23382
4828
20785
5382
23739
3120
19940
23690
7791
15287
10652
22086
14820
25198
18441
1378
8682
14274
11181
4404
30649
11219
27309
6743
23474
16669
202
2725
1407
29257
17470
24100
17675
4545
21839
23412
11188
22990
2292
23417
26595
10354
32760
5325
15432
10131
14967
27485
13075
24722
9829
20683
27407
18902
4211
8347
11821
10383
22718
11008
12171
31267
14621
11619
26092
27840
28339
17271
19440
4292
28736
9284
10466
3871
23651
6913
28422
5825
29379
7501
16896
20049
19188
5385
2156
3069
9617
27911
4884
14535
6808
30806
23091
29984
7106
25403
24697
22298
784
12816
29031
23564
22117
5347
26299
3615
17532
24023
29294
5315
6941
19615
27433
25963
24018
10227
20811
18012
22019
4003
15417
32648
29989
27086
31833
20894
25478
32395
28329
7948
29852
26757
1710
8350
4440
24460
1487
1652
13093
22020
20076
15396
26356
11585
15743
639
3667
30959
6932
26446
27911
26631
24204
27022
29797
18528
11893
17089
7959
21953
6159
13292
32504
32151
565
7034
27101
27163
9453
20672
8350
27909
25941
17353
677
21667
18187
20767
26169
15688
19172
17846
13881
26724
8400
17442
9469
31511
21411
30701
30297
20167
4147
9927
3372
22707
21355
8688
11217
19899
23156
1736
20550
16193
20424
24612
28611
28915
4530
26311
8302
21285
14425
23623
22646
25576
21973
20162
13435
4656
7496
28056
17868
28662
488
20560
29042
11296
29672
16815
1925
21883
5873
11672
5688
24229
17391
16659
26411
27923
4307
15791
19804
1829
3949
29770
19792
16296
14879
21250
25999
18100
21493
8524
5266
5383
299
17013
7894
6692
19022
21922
15692
667
16399
11590
22408
25355
31703
30375
29533
30131
21361
11420
26570
15023
30597
16140
27971
27846
21995
28616
18747
23917
22414
17833
25102
4711
17831
4206
18885
18944
25371
7687
85
20512
535
20012
25674
21317
2757
18287
24562
2739
3802
5534
27626
25959
30482
16494
7811
23014
15342
13314
2375
8548
24352
28209
31209
23338
23816
17857
11505
16742
11418
19439
30833
20097
5364
15059
13059
16938
25543
10374
4713
26683
8666
277
14725
1194
29556
27076
29557
11493
32313
31200
7018
20290
7580
32272
19604
9123
16379
32297
18091
10208
5245
21914
10179
1530
4938
31543
3780
28272
12493
317
2290
31480
16824
11275
10330
20611
22761
13343
1994
28095
18448
7613
28901
2539
14282
16732
1622
3023
25529
3945
21196
2525
5980
21504
20899
13294
22716
22537
17805
15631
16414
3432
26719
21678
31714
28771
8595
28588
10893
18492
3007
15695
15777
9507
10200
2523
2927
15007
22491
5088
25085
15356
11514
21409
12417
6588
8035
19094
23865
27710
24285
11450
6110
9230
19453
31301
1329
28759
1763
23180
16320
1518
997
24727
31961
5452
24175
27236
30959
11723
10734
27066
25334
14056
20942
27653
26048
21552
12743
6954
30344
3720
10367
26728
12121
3316
1306
5953
21052
5863
19839
3455
6447
23844
4586
6577
27171
21988
32035
10574
20471
32583
10621
21019
7065
27614
18002
27540
19138
2651
30275
12742
18432
14683
9611
30616
22159
22676
24229
25043
2288
1521
4505
25387
11409
7456
21741
19926
13296
25296
26351
4461
4653
28665
22522
2259
30907
24578
15377
3954
2288
31065
23183
26734
3802
11252
11355
8430
2499
529
23412
16876
2563
20984
3798
1841
20047
13183
23038
19200
28276
4893
31932
12434
17344
838
27911
8473
10319
29630
24534
25630
8154
19866
15957
16610
23185
4440
20423
8060
18213
28526
10400
17636
27736
14322
6234
19994
17901
30800
1879
30894
5261
25612
29752
17895
23332
20054
2744
16389
8592
12490
15224
24518
19739
11329
29600
5693
1108
17804
1031
1790
16179
28292
7298
20361
20579
16187
17303
8712
25922
23518
20376
9543
23568
15705
17778
27249
19824
11724
22241
26051
929
19717
12199
10605
20965
20929
24226
31056
9200
26435
29508
1039
4587
7182
27577
19385
3909
10594
25678
29827
32431
15819
26285
31721
6615
11827
14837
1424
26544
1907
10731
10706
15522
12589
13412
7292
14434
15129
10213
14340
20055
25266
9183
9084
16200
20190
31553
3526
30279
12877
27477
18670
6834
7836
6945
17957
21760
7628
22406
18805
21172
18475
10887
10119
19042
27667
23049
5502
9715
723
2974
29185
11529
18451
5769
15582
15063
10616
1603
17500
1510
30844
16268
1304
8831
29926
12407
30559
2750
16501
22205
14981
6705
12196
16511
32751
10210
8036
1337
25119
5923
32506
24530
2838
27857
7353
27957
18037
20898
442
30804
1254
6858
29899
26188
18281
28437
2647
23028
14366
24565
23136
26878
14464
7405
5567
23012
5951
21176
19738
27800
2342
23669
6353
25680
27265
16725
22203
20142
9610
7040
9038
4559
18814
30781
30569
6153
13933
12349
3132
16321
6455
4353
5147
32453
30661
23006
14419
2968
26660
5434
7897
17639
16773
4989
32125
17159
9285
18972
31572
20942
23545
22646
20187
8927
26668
13724
16575
19087
5458
17183
25605
16679
31057
27257
25461
11077
31570
28819
25964
12915
16151
13668
27989
10336
18850
24662
26502
6431
24503
27639
13544
29458
19855
8192
25729
30797
4968
20413
662
30577
20265
6658
12945
23996
2890
23419
29159
458
7661
15528
24501
28782
22919
22055
23143
17214
20125
19200
8854
16625
14125
32472
8818
28855
3298
1878
18978
8429
19016
23907
16922
25345
22410
20797
32527
24799
31363
25653
30914
6857
8220
12577
7130
11062
4428
6780
18639
19650
2087
16089
15624
28914
11316
6012
28041
31788
21637
2946
13529
9195
14238
4562
9192
32498
26400
7124
4364
27174
6101
22722
16812
9511
23970
26955
15701
13919
20541
3082
27612
19453
31847
2769
18396
17038
31747
21698
6695
10925
32003
30688
21047
18849
31339
17984
5819
1943
23037
5327
23622
31006
22005
30606
19300
9443
22988
24819
29713
16707
15673
6707
5710
24887
30936
22755
9741
13635
32537
19486
21177
30997
4801
22242
7045
28580
13295
12221
24401
28364
7896
10993
23268
20982
2039
28203
31328
13688
6041
22045
4985
7693
30827
26394
28757
31476
10660
24452
21891
10086
18508
11795
7633
16454
16883
30248
19798
19967
15809
25258
4543
14837
16121
27725
17445
6245
20277
12051
12125
3592
21681
29041
26715
16571
18636
27393
16285
26517
27360
21442
552
16090
31993
26472
28752
11886
28041
30015
15438
11335
7312
26000
32395
31681
31706
22774
6828
14780
30383
6449
7333
5459
7383
10018
17093
21417
15257
24960
21426
2867
21810
29102
27532
13867
22070
4338
11123
17189
29212
8465
29555
4540
29076
25475
21205
16332
31349
17253
10337
4387
17214
21294
8740
2453
16165
10384
7402
24428
27028
425
10559
31626
9059
31173
11267
8127
22172
14875
23943
32263
16075
9034
25548
2881
2269
30334
21369
15910
18158
22157
30632
23642
15091
19231
28892
8982
9903
17844
21590
32611
17993
29838
17586
709
27193
23190
16848
29596
12175
2963
26771
19100
26490
6548
32562
13176
12995
25043
7786
18314
17615
30812
7010
20241
2125
2402
4070
29956
5610
27068
28973
30408
20889
6311
991
24926
32235
28967
28891
30183
13822
23662
23047
2022
20118
335
737
1197
14466
7536
24842
1384
1019
24800
7192
2001
19314
20327
4634
3759
6559
18408
27195
1555
30866
31323
27953
12541
18490
31541
30927
7680
10872
19292
6805
13042
16348
14495
26046
10446
1167
305
17043
27110
32694
15394
28606
24621
23394
975
13400
15024
1421
30879
20230
5315
4651
27348
17238
19267
19293
25808
15717
19952
28697
12449
13548
2908
18471
2067
16568
29006
24326
7737
18984
8996
11265
8174
29550
17252
623
24430
23165
29496
3582
11102
17607
9147
27415
14680
17470
5773
8278
31327
2977
32194
26019
26043
2622
7685
26178
12361
14057
4513
8124
5427
23471
17116
10516
6081
8635
31775
1139
21979
20895
22054
26392
24140
29752
6680
18500
32482
10271
19296
5800
3935
23283
3814
15795
26210
27045
1938
6403
21825
7930
22678
27921
3178
6936
31448
1878
17871
17699
12706
6410
3048
24432
20950
21448
4894
20391
24975
32172
16285
32638
16726
6481
17592
3677
10262
23455
22917
16012
1327
23825
13779
21554
13922
28483
13190
20693
23449
14522
21815
13886
16551
15739
26623
10620
16001
13622
29929
4662
6026
6869
18314
18940
19532
13979
15170
28612
14268
6676
19929
3137
12591
14399
24653
7714
27089
8733
23645
26627
21645
32452
9665
18738
9067
30987
20548
24847
21339
6720
27388
29824
9234
12644
10469
4119
196
18172
1550
14185
32549
27250
26857
21302
13077
26746
20875
11090
17165
16700
21773
21518
29501
13840
22099
29894
1061
17361
24272
10952
20722
22057
8345
12391
28806
6576
8865
32032
27765
1365
18620
26601
2989
18432
10517
23757
20876
26940
31253
6074
20269
8855
7697
30172
18039
15337
28096
3562
7561
15909
9586
24987
10345
13878
21302
14357
10529
28286
15114
18518
10975
15209
28524
8803
15551
24028
10466
12466
2596
18603
2225
11107
3105
28907
32367
18075
28944
27949
25759
2171
30907
18515
17083
11273
6710
23994
28031
17694
23512
24198
13185
3855
16875
16465
10685
17091
12338
21479
3528
31456
8544
25605
11004
13473
18116
7390
26129
1754
30254
18113
19745
17799
21845
23859
17865
19601
26445
4345
22080
13435
176
12948
6122
12653
31582
553
26380
26167
23455
24751
3781
12260
17504
7832
14251
27555
14117
1675
20329
4554
25875
29456
21264
26518
12006
6610
12250
9622
13256
11651
8321
31322
24937
16329
21158
7766
19697
8990
2854
4577
22345
13420
16858
3467
21050
24601
10708
24085
26324
9721
973
13273
7797
9971
11423
3165
15936
25430
17572
28029
15234
5269
25198
12637
2584
13281
8710
24678
21302
7261
9048
32674
7738
9744
2535
19610
21206
3251
23530
2631
16716
2504
11967
4060
22100
20383
2060
20345
8602
15146
26936
3353
26771
2946
7967
20336
20378
12905
5159
13890
17992
22226
7603
4734
5788
3623
12046
17200
10126
7029
8600
15539
16111
15940
27011
18149
27376
23208
24249
509
17245
3985
13968
20087
27814
4838
27009
6957
17976
4363
4750
25725
2466
2059
6179
12392
10992
29689
3462
31111
14398
3732
21159
1825
16583
20837
18353
28011
18497
21390
6383
30941
32664
4459
14242
11729
10574
26587
29738
32763
17361
21256
19051
15381
13311
14573
20876
22330
14106
13897
30270
8073
7358
8085
9121
14282
26802
9023
6621
1719
27010
24124
13928
27598
8765
5191
25076
4435
1146
3965
26493
25169
26174
3532
20556
23882
23504
14850
26452
23354
27715
17400
24783
18720
24670
21743
18198
2685
15144
17134
20274
28414
30143
2567
23246
16314
30278
978
371
16555
22185
31797
12502
28377
1857
19554
22026
20038
26349
3133
10637
29583
20019
6471
17640
7057
2753
11233
19137
23931
26877
26347
25838
22035
7717
20244
19992
9463
3468
5642
10907
25713
16854
467
31383
24970
27228
29079
8997
29663
16623
16921
5559
22121
14407
19452
9739
15560
11068
6861
5598
20599
19073
25032
6295
30519
22781
23875
3141
5122
11697
21791
8419
16952
7355
20009
1332
20711
2967
7171
11345
9219
26132
15203
189
31651
7736
6255
12990
28627
4920
32767
15967
31440
9677
27192
13706
32234
3512
18756
9583
8794
25523
1096
15079
5932
23864
11152
126
22669
14441
5407
16181
17026
4591
3448
19890
29352
12452
25191
28905
136
28914
13317
23081
19651
9035
12315
27768
17991
4616
21747
15813
4284
16945
21602
595
11396
19975
27394
25233
22571
30379
25954
13003
27947
18061
3712
8068
17585
25469
14119
5764
23106
23378
4981
2465
19246
28617
2885
31587
22874
22223
27783
12165
26849
8134
5046
13212
32709
6576
29495
22566
10297
16609
9608
4272
20011
30541
8519
16854
20784
13222
28077
32476
14410
4889
24510
19291
20906
835
16342
7096
24025
23512
24645
26355
29273
13134
21251
6255
18592
10374
11417
6950
25807
4027
32275
20630
21242
11469
23267
7308
23935
16257
21244
10950
23542
11400
14522
16679
32275
7920
20823
18030
312
9134
3708
31619
3701
13248
11093
32275
5497
28392
19371
22383
22737
12673
15972
6524
13496
11798
21539
23655
29683
31256
18925
2833
12038
24738
22545
29045
31214
941
2312
4648
12094
5061
6625
4621
12879
27502
5741
23117
12217
20507
20978
6950
32285
20837
26863
22062
26735
1314
328
21853
2567
29622
17278
8923
2364
19819
27217
6756
17932
22616
10859
30091
9429
15423
2430
28193
14497
3221
9166
10617
29344
7853
12616
1421
32573
9598
5890
2209
7518
17450
8868
26587
28215
6276
8409
3326
2459
23844
4895
23061
10932
11286
31528
5522
10272
863
28714
31012
10997
24230
28267
16379
174
12112
21591
21796
18952
32538
11925
16235
12881
28442
12141
23378
29083
614
13654
23246
9332
22157
30125
26307
12597
9641
4380
20013
11208
3535
12097
1377
24543
17820
17994
23172
6215
659
10584
22662
24322
333
28335
17040
32459
21539
31717
6253
22085
20329
7303
206
24366
27427
19884
27126
18581
15809
996
8096
28880
30043
24096
13389
21644
18398
20629
4370
28624
23027
223
18749
27136
23729
28215
27715
23146
32506
21762
8773
27731
18182
5361
3440
27465
11395
20141
31560
22540
10883
11772
12666
26311
16282
10365
11279
5280
6912
15619
13657
26611
1257
5795
16790
32021
6588
18066
13769
23569
925
28380
16387
7948
23506
29949
19611
31369
26549
19707
30355
17793
6881
22816
27976
16768
18574
28399
18753
19275
17052
14849
19375
26080
5286
20380
16765
5688
16700
23358
22667
9725
11102
23223
9798
26711
19419
15460
21988
1924
6085
14794
2240
10665
9096
21131
18351
24230
6342
1607
24705
18214
19349
15680
22013
2362
22782
8054
8009
10211
13642
14970
9795
8933
9300
6436
15791
27290
21097
7860
29683
2610
30014
22492
23252
14927
7798
2673
787
1283
10622
18162
15330
2996
29959
15838
26016
29311
30010
23877
26050
9679
27027
13850
26918
30228
22052
30046
29796
26665
31052
5372
21287
18789
15462
1721
3574
20879
12214
4624
34
19439
27679
31509
23902
32121
13994
24800
7367
20916
5133
31492
31323
7403
7784
28463
14116
18787
3502
22231
24263
30354
31839
22557
32655
15625
14347
3549
16895
2956
19399
2281
1131
5154
21749
10752
26728
11079
30351
17257
19775
2448
32299
18261
7727
18810
30796
24183
27880
9140
8968
28506
6888
2853
23987
8951
6394
26380
28138
23437
11070
9840
7312
14893
26999
6197
29920
15742
21237
28004
30756
16741
26380
30298
8632
17519
4404
4039
2977
30789
7538
19295
19484
24104
11157
21851
19925
31196
8
11182
11580
16193
30635
10576
18542
13545
28315
10480
15594
22441
21774
10572
32009
29545
1597
6802
4764
24392
1800
12537
12769
13071
15448
17803
24847
15239
18965
25010
30041
13535
14471
11905
10762
30833
28968
14759
3752
15812
17496
7688
23953
3637
23425
3139
16247
20314
20338
28017
7361
26896
13808
9485
14738
15980
23315
24896
14872
6158
23909
17925
10718
18703
32024
14625
13017
898
2723
2969
7971
23656
23881
29137
31653
7554
25456
28688
10988
5035
20023
3845
17924
24069
23373
11231
19208
1866
13385
9443
18482
1084
6163
13205
11674
24532
24296
4686
24384
30943
10364
27155
13917
8729
15916
23025
2139
14573
24650
21451
14078
27418
6291
29088
20552
25482
5336
8058
6603
1492
11469
28992
22040
28300
13162
4722
12421
30883
10612
1839
19438
9349
22702
3469
11076
15960
10022
27918
26845
15857
19347
9681
16350
15805
30499
13789
27561
23531
15521
8423
18937
13569
21925
21560
10475
6483
14900
19691
6362
9371
18856
19140
11108
20426
30946
18718
25608
32195
11678
5881
19308
20396
23698
8246
23783
19800
24005
21439
16090
4815
22084
9681
21049
16964
4308
26494
6633
16001
13931
13645
21190
28093
6362
13262
8741
20580
32073
25162
32544
10884
16941
8768
16941
22052
5716
940
8234
12176
11047
9263
17349
27411
20364
8000
12764
8161
7368
18408
22770
3272
15104
1001
29125
26347
23440
26022
10674
7834
7748
669
7821
25791
29867
13307
25229
15440
14147
16804
31610
6246
912
30382
18710
17743
22144
11476
16648
406
20866
22636
15271
2198
18902
16272
2696
6954
8409
4527
10800
24202
30318
23536
5158
24525
14528
22026
11459
24038
11206
624
10025
6789
16647
27351
2337
22019
26699
19233
3556
11422
15037
25800
1783
23707
32141
21968
31636
28569
10306
9886
21497
7203
22830
23413
5490
9973
24423
32373
19338
25292
27567
13322
9252
24658
13174
11578
25464
1578
16263
21784
22308
5458
31161
27982
16720
9741
23324
16075
11919
14688
29236
13912
798
23724
22624
3386
2669
9673
24129
12298
3803
25670
21760
29481
9961
8381
1240
14989
6892
1406
13759
10158
7833
30670
13640
10026
21862
16712
25622
25368
17484
30213
19242
23049
10339
3249
24197
7611
28860
30215
27019
18502
188
25156
5673
7920
17710
2494
7462
21040
30054
14985
4339
761
23529
20226
19761
23263
5398
2666
27198
13615
24489
25107
29364
3140
20645
11845
16264
8065
21299
24638
6209
4604
23063
17569
12735
7573
22236
2132
17801
12309
28438
19233
5645
23719
28319
16144
14535
4786
5219
771
27351
30981
30767
31065
28468
26531
4644
4017
22259
200
21817
13696
439
17550
1836
26601
10213
19247
14945
17147
3010
8046
1949
25161
11810
25069
11072
10542
11515
8542
23308
5703
16235
10496
31495
16641
21075
24593
11639
1406
9966
28380
27405
16402
25848
29478
28747
3304
32377
21831
17624
24703
19980
12514
20248
27305
14387
12324
5350
10663
6783
6430
1350
20053
11955
31624
12443
20141
19570
1088
8916
17967
14833
756
2195
1083
28791
13070
23652
23673
4093
16278
19661
20755
30683
2346
24660
17794
3799
23640
6299
3247
16568
8793
5727
29316
26101
29316
16081
10441
23724
15796
29810
2941
24099
26499
19234
18126
338
13017
22981
18388
26046
19186
31948
26027
25404
2213
11331
26127
8566
27925
32195
5376
20917
19282
9681
31731
10802
19803
16509
767
18886
30392
16043
22956
22473
26958
4438
20819
20500
24996
27536
23177
32014
17881
12467
21064
4260
7522
18663
26037
296
28140
10332
24074
27104
9984
10384
2675
7897
16630
5693
11682
3585
4919
3830
18104
32393
31665
18723
12368
24624
2809
27582
5053
6388
31194
29150
18043
29193
17585
28532
12671
12133
11917
18106
5950
30444
8804
23275
4106
4236
2877
29404
24333
28297
943
25733
3062
17574
9668
7722
873
27417
16950
9111
13225
15305
11955
6959
18980
15598
18529
28823
23774
558
17731
24629
18298
17963
28762
13464
3172
31120
2029
26341
27512
13688
31148
12319
23264
14353
3862
1857
18377
29941
12553
19661
22741
9894
31720
20378
7438
9763
30829
31551
6942
29426
11188
16264
7483
14871
26038
14079
11704
10596
29033
13184
8722
23913
21818
862
18914
16151
12761
11205
7477
13515
9482
29891
23113
8045
26656
17536
22451
12825
15192
14237
24219
17781
13935
25439
824
2089
23604
29701
11271
8960
4262
2913
18030
478
8263
7674
8288
9194
27916
23900
17418
32547
22219
10928
7407
16302
23604
774
12629
31928
10914
11266
29556
19720
19956
1850
4864
32479
4946
3190
10422
22549
32698
4516
17098
29940
26756
23300
5909
2541
15744
12627
23405
31456
11578
15690
28835
28386
19365
28044
6359
32327
31518
5428
9229
22303
16181
20069
27393
11874
16083
5867
10838
31232
20053
28049
445
21580
18993
115
15526
22876
24255
24133
15723
29175
18538
19720
2469
28413
21206
3865
20301
32749
16992
17078
18137
24534
28724
28103
23516
23752
24423
25994
19257
2932
30121
26920
22040
16963
21044
28025
9546
14220
460
13167
22922
10106
21582
427
586
27295
365
17267
29246
21439
9319
759
21988
3190
14950
3910
31635
2115
1970
28085
14296
24462
27449
502
19436
6580
7813
11965
8911
28359
22724
25737
5823
733
10697
21153
30588
31208
6693
4428
7403
6739
23613
19120
3781
17945
6580
32329
28631
5226
28841
27594
11000
13864
6304
19857
1056
32346
22669
7612
23210
32469
1394
4813
28802
31129
25066
24727
22971
12200
16528
25169
28011
5945
8934
19041
12984
20934
24274
24308
31675
26264
13048
20688
4151
8815
14666
26042
7669
21539
21024
19373
31276
24396
31462
9308
5612
29287
21754
28601
2111
29406
3255
23867
24412
17616
16077
13927
24954
16630
4403
15020
29604
7296
7607
24572
8521
30117
11530
91
31752
12535
13897
6139
5768
16403
21820
26652
17804
6112
2664
17905
20965
13344
20997
22150
5300
24525
13157
24059
12939
23176
7663
29529
29475
11605
11405
27390
20847
29847
4456
27315
13420
20668
27413
21241
2660
16993
30665
18253
15541
20290
13063
12920
6411
22180
19534
18087
13534
3868
6440
11062
31737
22549
680
4880
5851
12538
7413
19812
28833
3754
25593
7584
7368
9558
19297
22000
11868
9789
1482
12728
14801
20767
30910
11448
7087
2236
7350
30572
564
12556
3962
18478
27519
29714
26604
25711
17212
13112
10247
558
7872
1456
26969
21666
23161
31552
18370
11580
28514
13267
28483
16192
4907
10495
15870
5685
4000
3778
29916
9752
31777
32658
21788
17425
25370
29455
26893
22652
22202
3042
24516
23553
28213
26805
1064
4767
8852
24292
29719
19950
31789
7264
1061
15447
11052
24999
21094
22831
19666
12395
28490
31792
17263
21907
15786
6856
20504
30623
32705
3832
28993
1994
30381
31434
30886
27218
20705
625
26846
25255
21664
22834
8992
6717
15440
10608
5236
28036
11801
10066
2342
10100
17351
23137
21416
26079
17926
15861
18386
21038
22109
1449
8320
18445
23675
17455
32373
28277
25708
31981
18816
31128
421
7741
17720
391
20920
7478
31500
20967
8082
15177
20106
25046
20741
14128
13450
22031
9328
27887
21282
28301
28849
10178
24793
18712
22798
25872
10236
14420
8321
8857
5246
6113
14945
20578
2211
8020
26157
6340
1125
7275
17951
10080
17772
16990
16461
16069
2303
20873
11461
15945
21132
27916
23080
172
10585
12242
2511
6997
3141
12774
10257
5644
30088
24869
24498
12286
22444
5161
12841
17607
6926
14952
12933
23124
23915
12857
30876
30490
29555
7786
24941
15532
25620
24030
10588
31792
23140
32391
30583
20829
17031
19767
2376
32139
21012
15835
8545
29651
11286
2789
24861
20601
28789
5975
464
14863
12550
9452
15071
6765
30155
31309
27118
16847
3694
25948
14472
7746
864
16144
19645
9816
3490
17849
9419
4757
13009
22454
6824
14254
6148
17454
10674
30295
32631
24698
235
30715
12442
25463
18176
29728
32560
10857
21610
11642
21098
13468
32100
12780
9866
21039
8264
2820
20153
29408
2759
10226
11899
20039
12682
986
26509
5394
3761
9099
13807
1949
2632
8837
26829
28237
3906
24079
20024
24342
14472
32070
13362
22893
15113
125
10264
22768
798
21942
16475
21180
15173
18445
31786
13606
206
22065
17971
18358
11803
1528
24959
29460
26017
18176
30064
18718
22462
13385
11335
30091
4376
21303
20542
20256
26109
23806
10243
31904
1282
1666
28183
15177
21393
2754
25286
28010
29556
27769
14701
24639
23509
721
1994
25585
6640
4032
2397
28984
15804
2784
17
26815
30792
25741
3894
13736
27042
13999
15138
28399
11505
6514
11743
17753
1847
25898
20756
7412
30012
26792
11712
15949
25562
8335
15058
27903
31007
8412
28931
14527
3273
5738
3827
12638
17887
25929
8448
7900
72
12847
20203
18686
18674
5283
5909
8226
22060
5090
32365
13422
22232
15007
10182
28429
24002
3175
21464
15999
13944
13438
24082
2047
5328
30718
23867
866
7924
25926
3533
15502
20414
23515
13008
11937
31952
26750
13250
9208
933
22016
14176
15972
6102
29513
20765
23567
25789
16352
16987
5447
31607
28275
16729
23877
3848
1536
1012
6031
14089
22867
1714
5893
31428
31626
12574
22175
29976
1575
8245
9489
15635
27052
8120
7924
22139
22587
14723
24133
11267
874
21510
5893
21178
26030
3468
26440
26431
29697
637
3390
1235
31280
26879
23845
15848
30991
24515
6844
16921
11576
22385
22811
32256
18002
15609
1688
1786
4713
15029
30287
25933
15404
906
31413
814
30525
25017
22005
27878
29340
29227
6733
19046
31525
29757
22245
26595
3511
29946
27344
12851
13613
17395
14850
29297
23916
656
28779
6898
8735
18735
20676
10194
22792
8755
29141
22490
11173
30027
16806
3224
29037
25245
14547
25092
6166
19856
12189
2120
18350
4300
28373
30705
7130
2712
12985
14851
12425
7576
31835
25079
10502
21977
22260
24226
5836
18658
884
14173
29631
10742
25863
16681
31592
2160
5667
23819
1683
15778
29889
13387
18533
25140
21855
22501
2398
7136
7529
130
28327
16860
95
29435
16371
5927
3738
18421
22665
17699
13009
17752
15169
13481
27441
8039
23234
11846
368
27988
13531
13984
28853
900
22120
22549
30821
26455
16818
14068
2996
26400
63
16491
24509
5640
428
29812
355
17998
24728
18994
15142
17560
4102
31743
20790
24133
10765
19898
30698
19711
682
9543
1295
8803
13879
23340
16577
19845
27477
9731
6418
3421
1452
28849
13229
13061
16264
11111
1830
27260
1172
11461
16418
10882
30925
29944
31483
9920
5600
19072
16889
19800
31168
20848
9938
23061
12965
1457
21153
29101
18330
23456
26180
10060
3874
1639
28954
29931
2215
13853
14723
19615
25544
541
22930
11596
26359
29992
6173
9291
14827
32217
13841
10650
29874
460
1067
24467
27830
17872
1794
17153
8781
5695
10569
2676
860
7208
2560
18312
25474
6590
9548
25067
16847
14528
28469
16374
27148
27651
28227
3061
9741
11199
16892
3267
30430
6225
8297
26278
22251
7722
24835
15949
26495
17228
27541
16496
2882
12855
30708
26065
709
23543
17379
32231
30667
16236
21113
7569
9875
12539
23457
19944
17986
8743
22918
10425
11011
2240
12191
1932
8262
32341
7775
7198
379
22212
1598
31061
22917
23548
4812
14217
12975
16065
10538
7479
5353
2526
23975
8789
6436
16695
12190
13009
17136
12373
22670
22976
186
18027
10266
22915
16543
11335
28550
23690
7134
19604
7204
2327
1160
475
2671
15385
19230
22515
6305
29788
27298
26320
30086
21089
29583
26006
2579
29498
28225
2226
5373
29086
16581
22089
4731
918
31689
31211
24192
23771
21939
24883
29296
18175
9292
4650
13435
6764
24001
14522
18569
9401
9743
14034
16777
17032
31147
21864
22943
28341
14127
30074
12078
30463
27041
31191
12546
13822
25451
1568
21405
7864
17332
1437
4119
27657
21074
10039
19193
14446
29791
10662
29573
23546
7082
27151
1817
11729
3570
12545
18696
26414
4056
21441
24440
32608
4655
1541
26602
29521
30668
7379
27298
19805
15195
52
26657
29737
28131
27060
21658
29535
5253
25701
25294
21674
29788
30870
32541
24402
5940
26793
22156
11900
26438
25592
13281
31601
27468
731
7505
26591
7274
13332
5915
10974
25263
27252
26754
24566
19811
17766
24014
12746
21091
6144
10714
13943
30913
166
18399
12995
16197
31888
23229
28177
21864
14279
28204
10004
13863
27114
12895
13857
16627
11594
26946
5210
18538
16024
7249
10735
4024
11264
24930
30978
1356
26938
27026
10921
17315
5050
14084
5974
5781
16947
20765
30136
17107
19536
7127
19573
8553
1699
21851
30933
2623
19762
14401
27993
3221
9110
29879
22439
5611
10069
24516
27277
21566
14802
5693
12878
11095
25629
11265
10268
25437
9448
14375
8430
9494
31864
11824
3757
12129
6229
11531
14715
25554
669
16031
23144
3429
5662
8110
381
15435
294
9191
16853
2616
115
8670
9779
4690
21054
435
14891
30212
16756
14567
23656
15929
18353
13859
25664
10770
1504
23495
31231
851
31592
2133
7534
20733
14236
268
23018
13822
19854
24962
19317
1162
493
4438
18518
11044
23470
12213
6124
8396
13577
30388
10360
4281
2144
27736
17778
26001
4833
10338
16752
24620
30018
17743
32112
27179
20320
12028
22970
32030
31102
16450
25895
6729
21546
12071
12672
27931
7306
19530
16002
30267
12239
23124
28532
15308
3437
289
10175
5238
23113
2474
5080
312
16745
759
18852
12786
13210
27139
7278
6347
23084
11194
21012
14824
19899
18123
29064
12580
13193
4318
3768
23482
17042
9990
10625
25956
4656
13344
10236
20101
15520
23141
18146
21125
16281
29539
10331
1855
30125
22348
23070
8495
16152
24581
1643
27299
1825
2101
31459
1270
26188
8655
15251
22262
26588
15971
29414
27503
31269
12174
19446
1177
29141
2175
31048
28391
719
26483
25008
9962
26000
2573
26538
27864
24590
18772
13640
9230
20872
20391
1612
4266
10557
32428
24539
17234
29431
15588
16674
18932
20908
2756
22759
21602
4128
13512
27149
6560
5621
2312
450
27276
12587
5971
22145
19439
20474
26281
8675
19030
30468
24752
21216
31807
11862
18620
20170
25598
24873
21919
19220
7717
5845
13795
27131
6363
31315
28487
15228
21457
30066
20483
1242
6512
11078
7321
9887
16055
27336
31293
26325
19079
27643
14525
12493
32138
5548
24728
8514
9893
15729
27728
31730
2827
10004
6577
27489
21179
5657
19340
23702
9332
20067
24735
28307
30382
23215
13020
4918
30007
5337
22524
3821
32314
11315
24637
30846
19772
15777
18844
15421
29857
2686
32124
25277
88
18055
31833
19170
19022
26530
26815
32152
2208
19092
23709
799
4255
27705
17319
9875
191
9925
31719
120
1871
1099
5470
22242
20504
27649
26786
28614
27411
20471
3126
15629
16586
12740
28434
10239
6109
23840
26132
26516
13129
7467
6904
20292
4065
3465
7555
4031
21637
102
25898
12229
15178
9284
7933
10290
28666
16370
10606
5726
12388
3889
4683
14883
29035
14649
3735
23876
13543
19401
7210
14145
11849
30797
14686
23635
21675
21145
22997
25747
31542
19506
10103
5348
5475
7200
11197
14605
15156
24523
7233
11962
23222
8014
18849
2975
6035
22170
17718
27829
29844
17170
23996
28512
17883
23041
6118
6799
12947
29377
32502
25703
12787
26358
16631
19522
8803
20159
30840
17191
16014
25408
12729
8895
26950
10944
18833
32312
12653
220
31965
9104
21625
26641
28529
31684
7591
24831
9528
13428
24971
31191
17723
21090
13950
11778
3037
4919
5622
19891
13204
18180
526
8037
14818
10272
2809
27967
23723
3741
27671
3473
14003
18085
6274
5699
9680
12792
17271
21709
3568
7486
28782
25450
22544
642
15887
31499
9018
16596
17838
23855
17710
21876
15772
2185
7042
4541
11100
15809
22783
2034
12211
14270
23193
464
9966
30540
16910
14842
2673
10896
24006
8636
23195
697
19226
7368
20153
30837
24565
1105
1454
4098
32430
2248
2801
27709
11607
12592
18696
17579
21200
1671
8153
5367
32706
11797
30223
4579
25089
18960
30771
27795
14893
8135
21032
26582
21495
5133
30994
16696
27538
17662
7689
6949
6969
24629
15886
18574
5416
8685
31250
28099
21441
24906
24124
18538
16287
25703
10218
10548
11949
24774
2360
17039
24324
512
21492
29208
7591
26119
28625
1957
3375
16677
5043
29546
22424
25755
3946
3196
22301
23429
789
1283
5585
24821
3686
27095
25147
15337
22824
31289
16271
18222
21747
13094
5652
10574
22105
708
9359
22985
15587
27252
8868
29083
12499
306
7066
19351
21061
23167
29406
21439
18644
24155
15746
20190
28606
15576
16635
19191
9091
9529
18737
23783
24172
1876
15014
3271
7537
8887
8684
8166
15844
27567
12073
22719
31279
25425
25457
14610
30830
13931
16099
23802
16760
12885
1727
4721
30773
2355
32541
28625
7013
12141
8778
14459
13361
15227
8866
30747
13965
4949
15022
10416
17070
24890
24694
4974
17596
17602
16633
16097
22637
7227
7557
7181
19000
18787
13452
22509
14710
8460
22171
6882
3029
1099
24311
17013
15686
27800
29249
9654
2577
28714
29625
32088
13954
15818
9654
28640
31207
11748
989
24877
451
11802
20803
13996
24493
24638
4508
8380
16611
30601
30974
7142
16073
3892
23995
24694
31067
24245
29040
9939
3042
13179
22815
1996
26641
15022
13034
17097
16054
18725
23111
3614
28269
23474
3524
29665
25453
15459
12299
18386
13652
21282
4002
1553
30539
4452
24308
1371
15894
16336
28939
13812
26539
13278
21236
7688
8256
31000
20457
1263
28795
18549
3729
29603
27860
4523
859
27924
23687
13040
14148
28519
24325
32681
20464
8761
27707
19221
29325
9481
7020
25258
3148
615
24728
8127
26588
8899
24351
740
22179
10321
26013
25579
6382
15335
25916
26104
3784
30762
14328
3258
10179
4399
17445
5366
18865
13013
21585
8217
27873
18687
32380
6499
16606
26455
13705
14059
9411
10958
22115
3925
18982
2477
22132
26324
29888
10325
143
27514
12595
14610
22954
16549
19171
6713
20686
16375
5617
5637
23220
27818
16180
1262
25407
18261
9853
24878
13000
993
13949
415
5880
9854
7170
26929
6463
6424
7731
11099
31089
28523
26999
3370
31852
14515
31054
5288
11518
30739
22259
1322
4706
6267
19914
12854
81
20710
11299
16684
24166
11301
17645
23558
10238
21709
26174
1429
572
25074
25762
24964
11204
31027
5083
9846
8997
27992
17649
24501
2099
22824
30165
3210
16174
28141
26659
22719
5675
29144
11297
15118
6401
12882
17745
25417
20273
7707
1073
15800
15177
24250
9289
15052
24858
12984
27323
15684
20513
13110
18552
29179
18343
10670
7267
19081
7044
13608
27363
28424
12256
10354
24471
23909
18066
9118
29061
28145
28508
5503
24931
13832
21815
17048
16304
27838
14000
28735
15533
17133
32577
17899
28902
5693
15800
6936
29647
21694
6423
26746
11854
3347
27519
3778
32066
3618
5810
3383
21685
19776
14488
5200
6708
816
28336
6481
9652
27323
17302
12005
24853
23960
19209
24718
2722
16397
19138
8447
17904
10273
19557
14906
18087
3133
11140
3653
28317
17292
11811
1057
14175
31268
1404
17448
20801
13709
31899
17613
5921
13739
2502
13118
24601
12567
28110
30131
22135
15109
32222
4038
11732
17379
28879
11219
15306
23303
11956
27785
12072
30062
5463
10114
24385
12097
3545
12283
5388
19707
4033
20111
19470
13393
13943
27260
32316
14827
267
5225
15126
15213
2434
23965
28379
3494
5906
21620
9129
23777
25697
21042
22209
9816
28103
21072
1251
2326
13070
25661
6208
17596
18413
9783
31447
15857
9758
11816
30382
15441
27174
31941
30703
10619
30790
31427
6627
15557
17588
2486
16255
25134
17090
25597
1632
6173
19983
17234
22291
15194
14965
24841
13047
8531
31865
2147
16844
18420
4282
21247
3155
19104
21030
32080
19178
28335
12586
23112
26716
1630
5079
7495
21089
1907
11301
28402
30799
13831
9294
6153
2219
8416
2191
6378
17061
31230
11376
5426
12880
21934
19633
7484
20986
1642
10726
31204
3034
17363
2855
14340
6356
17975
28389
713
6542
22684
908
28505
20553
27435
22661
13921
11915
17540
16556
2703
17975
867
5026
4225
7055
29905
18215
3703
23936
13656
10053
14176
9005
7382
12887
10491
5332
6509
20517
16912
14351
29538
26081
19779
7110
1153
28458
25707
24685
10621
32064
13651
273
4978
19418
30711
8044
31077
188
27881
16353
1214
25586
21708
7575
13011
16288
20415
12290
31647
15669
31527
28265
20738
5567
22979
19918
14417
26622
23584
15815
26040
21526
6303
1990
6198
7574
29919
30710
15686
17485
18819
19798
20610
16737
19155
29223
5433
28199
28870
26344
17868
25011
18825
19192
55
13209
705
27298
13746
28950
27061
6689
9225
31055
13001
15795
17162
1332
17949
18354
3445
4684
29850
27066
27541
10211
20412
17311
8422
26264
6809
27627
8900
4781
11527
12896
27089
19471
2531
8252
28931
13822
29397
9269
21743
13332
9304
19882
3123
29267
10994
9678
9804
24229
20803
11652
20434
9006
17498
9698
14382
32543
26234
4198
10883
9611
25758
18393
32557
5047
31332
21925
24219
12011
27035
21515
13015
26244
4543
13191
29093
3418
17691
9574
22343
9643
12441
11384
32722
13744
21061
28745
19045
18311
9569
11765
13268
24329
26963
26660
6841
32402
17849
4101
14617
13416
21544
7014
28782
20428
29983
24778
6487
10264
20199
9136
508
24437
12588
30471
8845
3385
7335
8285
24561
1154
31110
550
15334
7378
10634
22071
16276
9567
6446
19545
1326
7638
603
11831
11332
21848
4476
8828
4339
20075
23578
17683
32195
19975
22610
30560
28558
26505
631
23371
7719
10810
27487
18031
10007
2124
25309
7641
12398
5123
28189
15256
31732
30519
29071
7177
11102
12629
19809
16872
7023
12779
22479
22697
31559
12984
27510
7803
23156
9745
13786
9593
26485
17667
24561
1270
13254
18035
25488
1178
9637
30727
11258
10942
22214
30782
26760
27179
21135
17226
25242
861
20191
18785
11308
10364
4614
24808
17689
2524
28239
16409
14512
27544
31372
5840
24546
31413
9594
8495
21865
572
21951
5966
16758
26801
31883
3541
15900
13690
24288
23525
7419
21309
28262
31803
4885
28312
30929
2636
7352
9899
19011
6560
2679
6573
15239
21520
365
16429
885
11012
13624
30797
3683
11651
30354
5855
12748
25551
19904
8596
14897
1110
25475
22909
14269
6503
26148
688
29449
2942
886
16779
5717
15765
10462
5231
14503
784
11176
14377
3666
22612
1676
3954
5437
27442
8979
21742
29472
16558
29926
22262
26157
7892
31768
12773
27517
2693
15217
6077
10249
29915
29393
6818
11083
21559
27549
11413
30153
4265
29647
13818
17662
13801
24823
9421
12591
10751
11936
7815
20030
19236
19308
16674
14818
20985
13734
15984
17694
26269
25221
5230
19876
24995
10280
1825
10397
26637
19796
24740
22477
4529
14142
1586
22552
13394
32147
16896
19909
29409
11778
3325
24101
31481
6962
5498
7439
26218
30523
20407
1275
12289
20927
2199
29624
27146
14077
14973
6202
12577
5600
23419
31109
11759
20063
16650
14501
2063
15524
14393
24754
28338
4832
24493
24958
14033
222
11827
11802
13936
32004
12863
18350
5364
24500
22909
20173
2189
2520
22556
21881
10200
31033
9796
29440
5796
5033
19828
14218
27503
31930
19906
9816
29314
29361
24973
9030
21578
30388
12491
26708
28798
27954
7864
22526
31036
21125
13975
8035
21883
10921
26513
654
23787
19221
30767
30354
32209
24920
27730
7415
9388
16526
16223
1630
5745
22965
6390
23394
13390
9333
2220
24736
24153
21316
20942
21684
8287
30928
10062
1794
21331
4918
24252
6286
12869
2960
20441
15180
32001
28160
27311
3392
703
23868
12677
7034
6368
7853
2235
25831
11712
16761
11805
8403
148
4108
12780
8094
27770
25396
8923
23795
3554
1735
1171
3417
26815
25270
12529
21936
10024
24522
18975
14754
28597
2018
14964
13374
31098
28822
11439
14550
6289
1842
1724
8789
5663
1789
32033
835
24985
14242
29470
19757
19867
12640
14353
5845
31959
4770
24180
6769
12238
12974
19827
19940
24008
2672
29685
4389
7860
17162
335
32680
361
13591
6920
12409
28491
24104
17298
19734
2907
8085
5809
24801
30501
8767
1505
13550
9506
28745
32481
7148
23648
13611
22243
21991
20690
18766
19181
11591
12093
29724
6994
24446
22050
26093
13370
31276
6920
26920
17715
12974
28497
20908
7779
4103
22960
23138
23732
19074
21729
3104
14721
27639
15977
6311
9845
27517
24454
28263
19826
1609
17796
5529
1741
15223
8394
26923
14389
18662
3195
2286
27797
26434
22597
11514
2876
16889
27199
2603
11829
9073
3411
26414
12312
8204
31064
10447
16965
4
10459
19423
17207
26004
29997
5756
23957
32163
29620
17886
5590
21415
31490
24691
9381
1910
22838
6668
18343
11804
20277
11726
14698
8076
20796
26367
31328
26414
2929
26504
12179
4754
22793
5221
4746
21241
25782
3909
3553
26486
1080
4139
31344
30624
16359
252
10355
8631
4733
25946
13026
8320
22869
4718
32483
2578
22810
15970
20865
890
27880
8827
26135
1030
21530
3639
19720
28794
32118
2079
17478
27614
21295
17123
1480
7579
19323
12677
17082
23374
3295
17096
2487
31437
22038
19694
13445
11059
11576
19794
20916
11410
11418
12982
22541
23452
29318
27780
25797
29046
9407
31254
21038
27803
27551
15404
29133
26838
17086
20108
1769
18390
27254
7793
19349
19607
29817
21508
155
16728
5454
23128
28565
17128
8233
27523
3497
25191
28988
16084
30897
18035
25827
10601
15438
21271
8524
14905
394
14259
28980
9749
25731
24655
26195
27339
14839
13960
20252
16921
5457
10586
23224
1667
8384
10784
20120
695
26571
20344
31071
1186
15332
5625
13680
29751
32060
3029
24823
2025
3195
5957
26599
9729
8724
29963
16008
31428
25509
6799
16049
3576
18005
2459
9028
18142
19866
26943
23504
19502
5433
29638
22167
32579
3731
1793
23480
15039
24703
18895
23395
29367
27064
25169
24275
2309
12121
13913
18870
1979
14479
23576
21493
4263
30259
9602
14892
21531
22018
21365
19692
16968
13953
29503
14295
17249
11055
20173
1907
4006
370
7711
6612
21431
14935
25871
19407
3998
32304
1214
3786
28704
22701
18676
9437
13521
7801
20166
19299
3402
10778
15533
13203
5819
29317
2252
16903
30561
8288
9928
14569
898
21197
10022
18291
728
26730
10588
24448
32443
15548
922
10257
13254
14209
3358
21264
25410
16966
8308
12492
11058
5169
8649
19495
14198
22668
30142
10656
31444
11578
15744
12169
25814
14708
6691
31344
26832
27675
4542
20724
27281
1698
9313
2016
17559
6493
14721
30791
2851
19071
3623
17992
24729
1339
27932
19724
30107
13411
22294
940
4831
28348
14893
32619
23207
8130
11122
23244
4136
28650
4990
29704
25714
10746
820
29786
24134
21270
25875
26137
9400
25073
16921
4198
19793
14490
17609
29540
15023
22020
15543
4745
6994
11027
7249
8487
14981
31926
19978
10029
9897
18681
30581
21590
26691
17217
25695
14188
7243
1077
28538
20894
2060
23751
15695
5496
2351
27837
8252
32229
19765
23421
4837
14808
18518
4475
25245
26515
7855
712
14144
676
7636
32476
23297
19374
8206
3573
22499
1838
27194
8956
24580
16379
544
5854
32683
16295
11846
31165
8169
3186
20244
20638
25036
7578
31802
29698
18410
2188
24686
25712
6165
8394
26761
10068
883
7557
11825
15273
2442
21204
1182
11858
4656
18314
29797
16758
16028
10931
20961
16727
30529
23059
15325
15643
25129
9283
26715
16585
22012
20928
8653
18961
21587
6382
22136
5670
14738
16940
30341
7696
23680
26310
2455
19267
20934
16315
19599
16747
1747
16376
14809
4720
12497
5339
17544
20662
2937
15173
22294
27069
940
16717
12404
8191
16769
13243
18628
25011
23961
5114
677
23153
26755
12013
22155
28341
14862
5510
14570
11083
26269
30370
10055
13298
32728
24481
17603
30347
24168
6444
14866
792
16370
12608
7268
4732
8484
32425
2868
6896
746
1976
26567
26133
6393
13024
12147
25889
27491
25643
27155
12153
18005
14166
3508
22683
14531
5879
13864
7502
622
15227
11203
8112
32462
14868
31719
1181
3192
7116
4714
6687
7895
13773
19723
14522
23801
25865
13157
11457
16267
16585
23191
6106
856
17520
8421
17406
29249
7709
16255
11977
16432
15483
27505
22818
25710
2952
7911
28796
25442
23528
26833
29725
12734
14096
11941
30395
6751
1380
743
4424
16872
29107
8607
21530
13464
26689
3887
28401
12331
28174
3996
31364
12055
4260
6419
14120
21931
32075
27150
29982
8344
32552
20086
13063
16013
22050
1071
12300
8442
9168
17143
32240
10864
9816
3497
22991
13827
5007
6010
30811
11054
23847
16080
31630
17360
12797
30768
19118
9511
21304
15967
31517
24794
16759
436
26669
26048
22471
31190
1877
6120
2755
9341
15422
3274
12413
29946
1200
24581
6216
17907
25080
5634
26156
24181
24439
15028
11739
1894
26344
7850
16471
11920
10997
16878
6567
10409
11161
2097
31945
2759
7943
9248
14987
816
26325
13611
10696
5970
16443
27869
24264
23474
6069
762
29255
6501
16118
2429
6335
11312
3312
2304
1298
25726
19005
2173
30520
6024
896
26310
1966
20116
30930
12893
2563
24149
9575
7401
11613
24576
21608
3817
1754
21855
2779
26053
4172
4520
15454
31954
26716
29086
24390
4303
2689
12556
8593
15685
9631
27359
30290
3039
30009
9916
305
29401
12132
3507
29568
28201
31348
22934
5333
11277
14410
7912
18956
5749
4032
11508
902
28592
17963
20387
25603
9627
26619
15802
8314
16501
24008
5500
3606
22368
28101
9259
1155
21765
16204
21550
6565
16027
14254
4212
22460
549
1093
21912
1631
29964
28393
1652
23432
28869
11549
28417
12485
4295
5840
26486
9997
31401
28338
3832
28889
21512
4961
24489
20941
30579
17424
13107
817
9352
31434
26667
29572
5528
25092
8698
22057
23925
22721
5545
18748
15679
13271
31093
3598
28272
6858
32537
21803
31413
2767
19392
22872
9578
28615
8834
4479
24913
13873
21249
9058
1131
20078
12247
794
16432
6381
1217
7898
14969
1630
16517
2529
4986
25277
27172
28980
7336
4790
8583
11807
897
8712
25665
5895
541
21007
31195
17042
16316
31682
10112
21787
5789
12407
2064
970
29840
20429
16070
30818
10606
3458
26043
1115
30273
19504
31887
9516
28727
22041
3930
4348
15165
23338
17587
598
23602
24046
18459
31144
13611
23095
25270
16643
21859
31814
31297
22882
25381
16889
23938
1649
26768
23130
27447
28318
500
25232
32015
31453
24734
17802
8878
28510
17910
17590
18561
8600
2210
26710
29485
15850
32004
14147
18492
24457
19164
28279
19698
24915
6197
31567
15701
21518
7310
14265
3431
645
31181
2082
59
24633
27985
6954
1011
21875
12546
1909
6185
13193
2011
17628
25557
19208
15246
4243
15881
23507
3216
30989
28238
25072
22283
15530
19559
8340
29469
1540
2707
15496
4693
4037
21215
13938
30817
24412
10912
3043
29554
21204
31848
17735
23334
12443
13585
11791
182
23465
15891
20870
16896
19856
17617
6341
23011
30144
13671
13998
31586
30585
12583
5343
19142
6492
6031
16995
29146
9994
7445
22254
18146
11541
17534
21750
6026
31020
24827
15845
16154
29972
7056
4162
29559
5414
32512
1391
15556
5663
3109
28541
12140
31984
1796
21736
22758
1446
1476
12048
22284
29227
9609
21168
10491
6904
4281
7207
21806
23030
15217
1255
253
8718
29444
19192
8147
2556
4832
17628
29153
4607
10443
25568
15716
5965
26372
21812
20816
31575
17356
8183
7338
1941
19393
1075
20002
13912
25588
14807
1745
1281
5241
8387
4303
7049
17222
18111
17397
11041
4623
22375
25983
31284
2681
17847
31968
25596
27292
24580
25032
16259
18647
7497
21699
22981
12372
5945
19525
31463
4602
14112
16218
17605
28254
7716
21642
16818
12418
21160
15906
19278
4787
24432
14418
16994
20887
8587
23377
10168
10409
32458
16721
16529
4012
3167
14967
6512
2785
18168
17591
21692
6793
8285
15551
14910
24786
11286
22645
3085
13499
24960
13680
28084
27893
29564
2393
17760
21097
11297
16785
6258
27123
25146
24992
27964
825
21411
29781
31686
16500
16053
24055
15641
29389
29003
31117
21765
19720
1334
18000
19084
22080
1933
21860
8259
6130
10102
28287
3699
13152
1116
22089
2315
26559
13413
314
17634
29850
15145
5730
7950
26636
10174
23602
29015
16468
2306
4510
21900
24979
4538
23186
12342
14223
6605
820
31519
21918
979
11378
7820
428
22698
9311
26648
8475
4891
24681
18523
3172
31645
6168
25309
7791
15057
30837
20618
21862
9125
16368
23000
9395
2255
3854
32195
15093
15518
23544
2959
32316
15540
2550
298
28997
5095
14343
21512
4803
19284
14109
31001
26685
9902
32716
13955
27309
3548
9231
22571
1970
30620
22522
29659
19472
13745
154
7761
26743
6885
23305
25673
4074
28767
30246
16077
13528
31366
984
528
30794
32243
31922
7857
2797
30907
26423
20335
6217
4595
4678
22312
6808
6224
17119
19416
25812
7806
4911
12834
2115
6937
7140
16022
31620
13369
12416
21600
3110
16142
20571
5675
28931
5518
10123
16900
6433
26392
23875
5274
13735
7787
5750
11390
1272
19288
2825
3521
11215
14560
7984
4815
29056
17853
1306
9748
233
28537
8240
15147
4450
27750
9868
24564
15728
11510
25614
3831
6168
2168
9761
20935
4118
7998
20119
12465
24899
5514
19422
3943
17290
8276
10885
15624
6339
23243
32238
9214
13181
27854
633
30397
31265
19914
18999
1392
6630
32045
6897
21511
22119
5692
22895
11741
17130
18785
15276
15366
28389
32503
16860
26659
24121
29349
16937
13404
16434
19279
14579
28126
14785
25580
22628
4057
28732
11966
27998
18524
20303
26919
12431
1960
20382
4984
18628
15440
11350
22892
26929
7700
19753
17052
13379
15897
29839
23597
8762
7163
15296
18947
10044
3190
22262
17195
25702
3182
10473
26916
25309
17607
30697
32085
143
26228
23671
2791
18681
22195
16539
9048
4088
27140
22496
29790
27378
18276
3756
30423
10777
24350
22750
30465
5993
11080
8538
9660
1325
25354
21987
20246
26006
31433
25070
2613
17222
21911
25867
21371
28751
24921
17993
3568
5835
1248
6213
29440
2101
27053
2885
24384
6429
32490
24301
17624
29907
29691
28858
166
9137
25488
1720
11959
9416
30472
19788
18273
12836
30693
28247
19194
8162
26756
22512
22991
19372
4303
4132
13591
9757
27666
21049
22915
19575
12637
20886
28994
19399
4383
12494
19979
22200
31258
27626
324
8493
13061
7073
811
5279
26581
21561
27935
13828
26891
31476
17054
8072
13761
12219
16961
14759
4893
31367
24027
22491
2555
22883
3619
23680
1446
30737
19281
25470
27899
22979
12423
32278
24107
24652
9653
8997
22411
435
8673
30143
20182
30499
10257
1298
341
877
30183
20778
13813
32325
958
28172
27533
446
28975
32699
29668
15892
5652
9967
14948
8500
3913
5707
13705
17174
2514
22029
29427
21084
9061
17254
27693
7103
20537
23423
11634
18865
10872
27667
31744
31346
3110
18179
18480
22999
13092
15444
23616
7804
3199
4458
30441
22985
21720
13970
26749
1534
32019
6531
7884
31503
11042
31225
31656
32027
8986
16207
31525
28396
24227
18670
16697
1668
1214
25344
11772
6034
31873
1050
23154
30078
14373
17795
22195
14848
25704
29742
1004
2838
28616
18883
14579
5074
20604
4348
6296
15657
30365
19773
31633
995
17212
13573
31103
11501
11529
16144
23940
9648
32259
561
2396
8967
9838
10208
2112
22007
2635
23529
10923
30744
12166
5654
13666
28396
27034
8220
19982
32002
5716
9232
8604
11746
28568
8054
4484
30477
11612
30632
26704
712
16857
5384
16873
22115
8430
9948
26027
25634
30323
12064
24506
20344
1298
4407
13987
9434
2401
29928
11974
28659
19037
13286
20800
30350
27036
983
19373
24683
5605
28132
10042
25924
29196
7893
20273
23344
26622
915
18752
9433
24831
3242
29244
27957
19744
9333
2560
5702
21947
26889
2899
53
20777
3881
1773
14993
5725
29367
19666
1129
9269
15493
18608
21989
12640
16128
13758
25039
147
15964
13243
30220
4580
11016
22392
18581
14511
6099
12220
6369
1609
11926
8807
8104
31557
7016
27717
19263
11670
91
31109
15917
11992
29256
32630
11500
22216
7231
28441
32006
8457
27857
18963
22950
18317
6156
30117
14464
26053
3077
11142
9218
2636
12007
23362
26764
22941
26447
10152
10645
1683
7894
5815
19324
24354
14313
13882
14453
13568
9426
29516
12553
31666
32043
6130
12474
14951
23151
14957
19603
27120
6105
20653
7268
32250
17985
32538
1988
30550
23241
327
25269
30173
3173
23804
13047
3226
3712
12106
11012
8907
31454
17384
25547
11038
17015
7817
14995
11355
8519
27899
31680
10641
30081
9044
390
11823
14789
28997
28214
15072
24965
29295
24706
10163
30783
6824
14883
3699
17816
10217
28446
17715
8135
20318
19990
1663
9001
23655
30381
28448
18993
2407
886
17790
22820
2533
10423
10751
18996
15526
13952
7378
21996
14918
19349
25757
14719
19111
11540
10957
8050
30468
13283
13405
1844
32334
24581
32103
32539
19916
6977
1800
13307
13030
15784
26141
14527
9591
24250
6866
22621
26199
2287
8158
24649
4865
15933
18800
29884
7607
28828
8558
30966
3587
26472
26728
4423
28277
25903
11119
3312
29491
16851
9899
14281
32299
30854
13071
18788
31278
8952
27580
13265
30330
23591
9989
31346
22052
27082
28135
1266
25779
16572
11707
30337
16751
3384
26148
29071
32675
16567
15916
25906
20619
5220
25205
7504
32708
9467
28814
13901
1065
21512
25132
15717
18023
19008
15476
29681
4795
25285
7882
25037
29391
30051
30048
1599
19142
10713
5390
873
26607
3963
2505
32325
32379
29220
21151
23739
8453
26388
25560
13389
27147
11875
30139
25074
1915
18575
19145
295
17334
7657
26727
17077
7297
29802
31156
20771
23333
24837
8634
17675
2857
16061
1751
4270
14069
7330
30337
15973
4887
1541
26258
3740
13185
26195
26014
10592
7725
19903
27497
22291
14146
23927
27641
14301
10089
28419
24482
10324
19609
3477
29226
23664
19551
10191
14020
5599
6751
29947
9901
18489
12028
20583
16129
629
30407
8521
29959
23567
26762
26754
26090
6623
11436
1047
3011
22909
23809
4624
26370
29117
25376
30592
32528
30205
21043
6143
27183
13430
22661
1222
228
7423
17258
1546
11355
16981
26516
13396
891
1319
20165
6618
26977
5143
4663
4213
2744
20726
18554
21862
7810
27597
6626
28514
16570
2489
22632
18464
11872
22238
3544
29479
14844
24820
26357
1725
27207
31251
3855
10248
9927
31894
2781
19844
10230
12475
24181
28935
14667
28676
21406
24458
26642
7924
17732
2650
20193
12298
6753
32575
4839
6908
8463
5317
7835
3838
27400
24575
7464
22149
21771
21415
14382
32014
18668
2292
19515
23831
9575
18196
5719
14576
20297
29092
23021
30016
17608
13720
5092
29192
8683
26197
1938
8134
13584
26946
3991
16324
27936
23455
20240
20603
25813
26072
30436
12476
13769
18290
19200
7921
3422
9650
28850
19485
17236
32748
863
32052
25532
25666
20062
9682
1137
7993
3770
732
24855
15545
22205
17922
13661
4679
12658
23220
29413
21588
29610
18978
12107
7432
12345
30647
8321
7062
12963
31106
29660
8432
11573
30554
24419
3887
6031
23182
20749
18029
17615
9406
19694
14572
5996
23837
14879
2778
7730
506
21262
27427
26922
20295
21099
7145
24959
4719
30367
42
21844
6087
3540
29654
26593
29354
694
8688
11775
27312
29617
2479
30430
31108
32518
31481
724
25368
20931
1736
14220
28786
25320
11421
3676
17426
32212
2097
28163
18334
27588
15926
26360
15457
4276
18190
3306
4438
25024
1838
5127
31149
29275
19461
26054
22565
921
15904
11882
28887
20987
25697
10119
7218
18274
1023
684
4211
11361
6319
6246
24564
13648
18999
26953
15216
14613
10065
25102
1509
1042
28990
13505
29938
20673
25836
618
8250
16585
26879
27239
12657
12524
32199
12558
14458
32400
14997
6031
21130
6533
31196
28766
20197
23218
1334
19215
22181
31989
22435
12632
15129
1226
2964
22621
24678
1662
16692
31358
27484
1909
19633
8003
146
4944
3076
26409
15891
26058
25827
421
31035
4596
22430
23809
6821
31197
21974
31044
7079
8321
1543
27326
2568
6979
20944
18692
18984
8368
11118
17289
4137
10233
227
19016
27726
32196
32149
17227
199
2490
6688
18806
27101
19200
5626
27565
20541
31515
10744
27568
31132
6132
9021
9101
14407
27385
5099
20129
24979
9776
7712
28172
29633
14406
1555
26251
26275
32102
16874
29002
18777
10778
12613
23385
28029
23078
32144
14632
9262
22914
27332
1026
15491
18745
30619
30152
10094
21277
20192
3098
13745
13395
17460
23558
10369
15850
21177
1241
21732
32652
22441
20483
13910
25259
31922
5374
13270
13660
22843
27375
260
19897
22797
1763
18889
24226
449
11635
851
18652
2062
21371
17138
19594
32261
31859
30959
11376
31534
7379
27642
32656
23936
1685
8335
17425
30976
6010
19577
10634
14307
10542
3160
742
19697
8849
144
2227
11195
14847
17198
10661
20464
16264
3771
18871
5347
30397
2758
3542
31530
16857
4259
32270
28075
32563
6055
3151
19193
15117
393
32404
23962
14341
438
29402
31639
13020
8702
20456
11921
20035
18495
16711
14469
23655
9192
2044
21992
1449
17476
32377
28015
5800
29799
19062
15254
5303
5672
7376
18711
15675
10731
12273
14177
21100
22246
16249
23561
32716
17459
9741
14910
24109
31231
4503
26186
12244
16073
5657
31960
27179
12396
7997
25014
2109
1304
10487
8282
10558
14303
5307
10585
14573
29054
13812
22420
25454
28540
28011
15642
7948
1335
25963
22911
15187
22509
18254
23456
28684
12416
11055
12865
24818
12878
10392
16388
24275
2315
17263
18322
19120
27748
22836
27806
31086
14196
11667
16289
30162
19669
16439
30641
10281
20494
20007
3353
1326
17893
26867
24611
12736
14099
21548
14499
29355
20906
9318
20880
29000
13792
4095
23037
32543
1943
27742
11627
1839
11192
26846
31433
21939
24257
2405
20751
20837
23679
12077
15224
32159
20946
27876
30322
14444
23062
6246
4156
385
24048
30287
23400
13202
21938
10811
13619
16077
4942
6671
3914
28454
13940
14725
31702
17299
30179
11788
17705
2617
9860
22955
9853
27792
26134
15151
4910
25600
25388
25382
26243
10101
7970
5346
10660
30671
23675
8129
24505
1016
14128
14030
11218
7193
25437
9887
12069
11219
19054
143
25594
18381
7497
25787
22175
7786
32173
31823
19908
4119
29229
27467
13481
21377
25273
29819
21687
21770
4137
31093
10250
18298
11290
46
1612
3377
9197
10026
19951
13826
25122
12191
28996
14979
1894
15807
28770
23016
8666
1995
11729
10659
15791
25182
8902
13387
11244
6560
27934
30560
24994
31450
4184
10190
29558
22054
3501
1512
26298
18755
20561
13870
9303
24323
31371
24631
22169
31371
30910
12429
31251
32499
6065
5550
28810
6150
24310
27354
7735
21356
697
24058
21623
23937
27094
4914
21716
15042
9635
9587
18092
1036
22573
13214
25951
29317
4834
14538
3284
18563
19832
8809
17415
13771
13899
7937
31806
24298
32418
23409
2668
29719
4807
26060
15827
6578
3238
533
27046
11832
30254
30126
31592
27921
9748
2565
26623
7047
16687
1820
20440
1009
32363
21067
18975
19090
21318
10655
12969
12159
22055
7073
7733
20614
3605
17771
10020
18624
21264
28738
2917
15630
29754
15061
30612
20343
6088
20476
13022
15591
7642
29622
29225
3005
22992
9171
10654
20933
5496
9237
1106
17090
3786
59
13952
14310
202
23314
14579
31186
22840
4986
12668
1210
1964
19905
23282
18725
16576
42
546
15611
2204
31110
29222
9284
6086
27765
8182
27612
26256
385
16898
8393
5601
28222
17059
2980
21974
23125
10785
5295
30508
32166
20273
15572
9722
29407
8609
23305
24960
10412
17678
13664
28343
15969
4133
3515
29255
18312
15227
15638
10654
30813
8730
23269
5051
25594
28223
8339
21378
9596
8057
32064
13186
13067
15855
19702
16301
1753
19971
17864
19896
31659
11936
18335
9546
16953
13685
20346
5179
13453
14739
7417
21056
1864
7512
11734
24725
24873
20174
19773
3175
17134
15490
973
3363
31461
30691
26681
10050
26495
24146
26518
14607
8453
23692
30254
23916
1299
12466
60
6067
5036
4055
5172
8246
29645
9667
11765
15695
15878
3801
648
25727
32755
23852
7273
20577
13380
24170
14784
9942
25536
26950
10129
9325
5281
28794
26440
22455
22149
28513
21314
17931
14100
15978
9437
11517
13166
10336
22834
1987
12512
28423
24708
5094
6697
12567
26093
25213
3489
18146
12036
21827
16163
9698
8289
25783
12247
1954
