18338
552
14507
8410
31700
17940
21500
21582
19781
6454
13363
7645
6624
21961
2611
20418
25666
14041
25828
13819
4550
24259
28202
4945
23949
26150
31383
25825
8074
10485
31308
20265
9774
10358
27058
25232
25267
26413
16777
2699
18567
13009
21679
18662
7868
22553
32024
13504
23222
25814
7887
14108
20007
6029
25193
1416
9591
23264
14638
12710
9495
18998
11498
28367
29938
19384
22267
11354
2497
26804
10860
12617
13507
7814
7082
29550
28002
18250
22880
15921
12179
84
8550
27224
21866
13895
10521
12772
9931
4635
11162
5569
28344
7361
29705
13692
30991
31522
31220
13415
4375
13659
28838
9513
26617
17480
26087
23421
3884
8614
15366
13656
13404
16383
9201
10612
4205
29418
32402
9228
11497
575
13979
5047
22349
13976
29723
22513
3925
12849
20069
29011
3366
27826
11274
867
4839
12105
4412
502
22982
23289
15794
6659
25526
31988
2795
2954
14763
4970
7951
18903
962
29879
10203
7874
28382
20745
14483
22198
28147
5910
26309
8884
4293
31125
9659
8905
17263
12552
12382
32568
14577
6030
781
2310
30688
11988
4404
31261
6277
23190
17858
29459
30976
8344
27996
27661
2297
18648
2063
7298
20571
7404
18977
23064
2277
29481
6560
30578
31316
9766
6029
13931
18390
28999
2930
31900
26057
10665
7724
1613
27105
13759
13814
27406
3679
10109
1114
26418
10459
23393
28233
10472
9114
30975
14361
9150
13389
24035
4959
21272
1503
30409
16290
22867
32298
8753
24097
587
13221
15015
12351
6353
23659
10298
11156
16861
13397
29323
16491
26931
9288
6361
30900
30535
5926
32668
3250
1902
27555
17540
26789
14425
6584
5464
18552
19676
9683
20146
15810
11782
15184
4259
27004
28175
12913
8618
8314
15656
14654
6682
10371
24488
19857
10407
28012
2026
20189
13166
7957
9478
18168
849
27950
8215
22135
22857
28556
23449
20878
31502
28091
19899
21268
30633
12188
27171
14956
6930
20472
14356
16931
15179
22219
24414
17539
8853
6995
6131
364
31347
15428
6004
17432
6850
22190
28249
7425
14144
810
16422
4924
24589
3193
29171
17209
570
20019
30655
10187
10722
25259
31442
30319
29878
26995
11693
30927
30815
25312
1731
10116
21645
12841
14633
20843
30991
31800
21996
7903
25196
15377
14771
10936
12469
18679
30734
26690
22455
28190
32102
13848
4384
22841
20752
10808
21370
28510
4496
10527
28654
3560
4729
30668
6033
25750
22901
12620
3429
5034
3652
17504
7762
8586
1620
9897
17699
13324
6609
3338
3029
19935
11344
17265
22487
28394
19388
24150
25870
4487
16927
12432
22600
25663
8796
23956
18954
5953
27831
27991
319
22514
25152
1243
18881
8980
10240
17660
10520
551
28501
25225
12078
4826
11959
10272
19938
17945
5106
5586
5425
24767
19648
23023
568
21838
31301
28200
14067
13784
31618
19037
16966
10931
20256
29921
25318
28655
29181
18304
14458
2759
14072
1158
13912
25004
30813
17692
22700
1603
22475
351
14423
25155
8421
9722
20508
1081
31528
1992
27111
28662
520
30741
19050
7122
31741
21761
29238
27756
13499
8459
23850
4818
18692
26062
14262
17530
11599
14303
4847
11280
29124
2239
20876
28555
12411
32364
6458
20916
7859
6808
1327
22178
18130
13264
16878
29664
907
15202
12043
10563
4367
6223
9625
6222
24766
30803
7339
20421
15333
15189
28057
22846
13689
19039
13188
16275
32748
5986
10286
7860
28213
3442
25764
23064
29091
12500
18948
27165
9733
12435
2958
8507
12271
30281
15473
7924
25089
25182
5811
19299
25079
23403
26564
5265
19427
18571
17374
21411
13139
19309
32396
8021
8817
16607
8209
20118
27027
29238
24460
651
31921
20152
18195
23788
7372
11298
29388
20171
1680
4198
19942
19746
1077
15070
30497
14725
23369
6799
17237
17161
8812
36
19206
32492
18480
81
29410
896
30505
11814
17660
5466
26268
5102
4969
4084
3886
8412
30359
23402
18177
15741
1049
10862
14525
1021
29521
22165
31401
32211
19681
1088
6252
73
15367
3501
4855
8719
4329
22063
16759
6486
30206
9178
22971
15196
17153
534
5951
18566
26566
9746
30489
7123
20555
31575
11369
20696
12232
10831
22067
21285
13136
216
9358
32143
19030
25667
3437
6705
4027
29288
7024
27730
2489
31842
11420
21648
23664
27695
5306
30122
4822
22835
24376
5141
7683
24417
28389
7117
18569
13158
2059
17532
26841
16196
8673
25454
23283
6509
26629
14949
25546
29820
7783
1897
14133
13697
17686
10496
24849
18826
12308
12246
5226
16274
3141
13373
6248
32750
31096
23098
18986
4260
15608
31327
996
8116
319
3226
1685
14145
17052
6026
29561
14392
27685
7615
61
18236
16062
27548
21232
17181
9801
16875
26574
13571
23848
29691
26451
8514
13490
14058
31668
32607
22267
13986
1590
19511
14999
5740
19344
1880
13262
17066
19914
14377
15351
22388
6070
22260
18810
27425
22078
13726
10582
1584
21346
26500
13447
12477
24086
1977
2518
26845
8679
19158
12820
31604
8580
27040
17954
1964
27955
18027
8746
2452
1052
30362
5238
31191
12592
31689
984
4792
609
14211
31127
18371
23585
5048
9503
9238
10765
20620
15689
4644
1253
3164
27772
25996
25738
9511
17556
30506
1129
4140
19186
23129
6873
16654
2933
15745
25917
13011
22760
32083
2470
62
28161
13016
1097
25691
7035
22168
9266
29888
7305
4814
19234
25529
3658
14945
18176
31228
16046
20396
24994
1430
18189
20382
11082
8978
8340
4234
27459
7646
28242
21235
27208
17563
13026
19435
13570
10585
14070
22216
5514
11600
31284
1773
16589
28374
25681
7818
32038
2780
9126
26931
20050
29961
13406
8761
22690
5941
7615
8459
5112
1746
23436
23247
32760
30022
32006
13424
24153
21424
24689
8532
14002
5679
1670
25115
3122
25404
12335
28810
924
8678
3589
28301
30178
2326
1933
24729
929
21464
4739
32633
1547
25676
27898
10538
11451
26714
5214
22310
11976
3053
9098
21801
12374
27872
6825
31813
6074
18423
23735
29458
15546
24820
27451
10629
32709
453
14268
20040
1387
22580
21058
30808
23448
23933
15305
13180
18625
3469
14670
19482
27775
14996
31254
17696
25545
17952
26221
13081
18411
15828
10733
4670
18943
13637
23694
9210
2923
8237
4363
8424
6404
28741
22434
20054
6143
9719
10551
23133
11792
16061
8941
1811
11002
13023
3960
14620
4557
12357
7689
3239
21303
22159
18655
20366
4575
26598
27998
16853
8398
25756
29419
15826
14615
16885
23863
26778
592
1051
8713
94
8578
1883
26950
30587
24046
20215
19323
1476
2695
20593
23641
25611
5164
3198
17713
20097
31435
11477
25086
28466
18452
6470
18799
8593
14379
16498
9589
15660
7929
31970
24622
7543
30145
29951
10304
1120
19172
29998
15507
30453
27902
7884
29130
7138
11039
2503
9245
8025
6251
13987
11040
852
821
11464
4213
4630
3045
1421
1274
24293
9405
7057
30152
23945
24320
11418
28537
3684
31343
10436
27675
24796
12374
27082
22193
14406
5472
1338
22058
28195
17514
15946
5884
32357
20890
4838
27840
25866
32002
17548
29790
28499
21002
20352
4810
19243
1071
12233
30352
2189
26721
30528
6003
686
30245
13280
15306
1925
20177
1911
10289
25371
7831
26060
17058
10455
16160
20303
1395
30384
21081
3679
7479
16666
11156
7800
25696
3016
595
18254
26166
31677
20183
11533
22176
23529
18366
18333
9979
18853
30166
23562
6583
30853
27177
18630
18194
9932
12118
24406
16019
24068
29668
11618
7431
29396
16724
7411
12567
7297
26758
23882
11610
32560
11260
14316
5468
21032
30183
6011
11277
15611
16253
19315
31173
4507
5734
14141
11592
1699
21573
16010
24887
29000
14830
23641
4882
2213
7662
13512
27476
25538
26631
12806
24877
25769
10452
1830
3258
12844
6766
17646
29969
20500
1309
19445
22668
25499
27314
23765
16144
23908
3778
1475
19764
17785
11195
16834
26580
16745
23081
29808
27192
4083
22475
26067
637
28367
30137
21787
959
8487
16501
23931
27461
6031
17899
18355
26665
31749
22402
12612
6044
17473
6016
31993
25935
22950
20854
11786
12024
13386
30428
1251
23114
20024
22298
11421
10338
28951
19966
26032
4991
3905
2001
12824
30312
25990
16858
32521
19025
10449
22837
21860
20233
31112
1049
5086
2645
1432
21013
7388
25508
16096
29109
19623
31853
4978
22703
30680
18011
8408
24709
23528
4607
9636
18605
2571
29254
3958
5346
16114
7163
13936
29550
18871
13666
28900
5414
8511
13063
10861
6891
22196
18117
16273
19945
14545
8866
31000
8322
30588
4788
5214
20764
6312
25988
20229
2585
1760
5622
21432
26657
32348
1465
21089
5831
150
12576
24431
9620
18944
571
12345
5608
26309
5240
3623
18148
10978
5966
11001
30347
12750
28549
12895
98
20861
28963
22984
23904
20458
19412
26477
24731
25678
27551
19394
15909
9248
21588
30773
27524
17315
9433
13455
15639
16619
16688
21175
29890
10488
25289
3902
21228
2845
8179
16522
19770
21507
17894
49
14016
14160
3713
28099
9686
10844
9812
31490
16790
4365
28859
17072
25428
9931
3401
16788
31220
9805
2670
16184
2824
30396
28408
4759
12482
7254
21055
18141
2831
13915
20767
24909
3344
17712
24178
13284
27856
2592
19368
7420
28861
4069
17199
18378
23858
13634
11672
2452
28314
17930
26292
26747
26416
15579
29099
18449
5444
23193
12888
21374
7597
26925
11855
18329
13400
10939
25491
29661
25540
23359
11176
15103
29163
2475
28365
32211
22815
5305
5788
25871
26839
11475
30778
20814
25415
24612
4582
13997
21510
22352
29337
11164
20534
2383
24708
8029
21442
9385
1542
9518
3092
32093
31916
6995
1751
15638
31894
6069
1690
30410
24053
11361
5202
19877
19650
29900
14549
22714
22254
11398
10810
1568
21676
404
22693
30138
6394
27720
9018
16668
7977
17756
16510
10147
18709
6296
20256
21701
3869
15713
20069
29537
599
11511
16192
8678
14809
29654
5408
30525
22648
21528
10630
11276
23625
22265
987
9460
8100
30165
13203
8458
9404
16118
18581
18833
4063
11306
9296
10096
23006
5201
27304
27023
17307
12775
27243
14617
22319
32499
1731
30070
20908
2725
29820
32329
2882
15738
18134
18181
23192
18186
27872
26613
1775
15282
17274
5827
1993
8655
11172
18706
29778
21530
7691
9617
23253
924
12586
24425
9463
24543
14538
32669
23417
30364
4333
28323
18597
31219
22789
23932
2520
32126
4321
15712
30650
1350
18987
22734
21934
7530
14222
19754
16901
29830
12859
28475
6175
12207
17730
6453
6956
9431
13946
4301
699
26335
18406
23232
9328
28131
28621
6551
16887
16549
6742
11715
31948
15720
4588
17499
24194
11446
2384
2688
23942
18423
12981
8403
14157
20976
27589
30401
10596
28132
5851
2263
1088
17097
19783
8599
31532
11202
27234
19723
6007
9082
13953
27564
28805
12929
15851
11880
16639
13694
3774
2464
32401
32598
4869
28198
6308
29445
30234
15616
29804
28516
9785
31408
19645
5250
6807
24496
15745
24815
1561
3372
22965
7923
29992
21681
20862
13681
15530
30237
7371
26009
10525
14576
16236
32340
22684
6264
5510
6553
6681
2231
19870
30719
9953
9502
2566
12221
18246
22793
6620
26706
7565
5961
29404
24568
15850
30109
12042
21004
10548
14253
24727
30849
31132
6183
19099
13068
5561
12752
31046
761
17539
5164
5699
18355
25808
20732
31519
16170
24310
6866
1788
18619
30851
27070
24231
16679
30890
30725
12017
27509
2177
29463
2367
3129
29896
2053
14002
4474
31290
5802
29436
9897
15965
26757
1406
8225
32362
25802
6011
11954
19813
17644
31691
30280
31813
10674
31311
557
23147
23605
7484
22185
3958
17624
19670
10230
12552
2220
26510
19136
5654
4000
26632
26005
11516
469
24511
30203
27327
17798
32084
17303
28982
18351
26330
7371
30980
5938
27984
14035
22277
7081
4950
31479
11823
7395
8384
16147
6577
15863
21095
10373
19784
25761
6815
30763
25580
10482
16192
13395
22772
32704
21570
19221
25838
29543
140
31575
19422
1628
4457
13216
3193
6127
21263
1231
28574
8931
30457
32008
8118
26328
28564
313
31987
18907
23292
28995
27053
347
5824
15779
21249
321
30694
13311
17685
7955
7171
17229
5008
21312
8976
9322
17908
19029
12586
16183
17456
27470
31778
10657
4831
28365
24293
19614
19765
26622
4386
22058
29318
21955
1244
2200
16645
22242
6654
9079
3526
30524
8999
31222
16316
2189
25659
7656
7260
24600
24048
22783
21475
28834
21277
16221
7599
28543
6930
20715
4454
27215
8636
24295
10432
4376
27326
6110
9043
18713
11907
7404
31378
7000
11955
30370
5242
23089
26152
26261
18405
16388
26352
8639
13721
23196
30558
32057
21764
9668
29195
18884
31322
23949
2551
18520
14221
14656
9223
31632
16728
12805
27587
1032
11560
13953
21238
16368
12756
28778
21582
28818
2046
30046
7515
25838
30018
24372
3286
15447
8761
28423
18907
1107
30252
20802
21854
11487
1682
32493
1350
25631
14525
4471
15688
27356
5849
9852
8473
30291
31386
18899
29245
11806
28069
7958
7560
29251
18617
5590
15909
12152
30463
29575
22176
17009
11265
1631
19123
16420
3350
21519
24391
16703
6461
13491
29930
27530
13385
17571
12817
14174
6118
12945
27189
24041
31
2752
31657
9033
5877
20101
3886
20512
8977
14421
1438
1211
6006
1232
10394
8961
16902
14908
19037
13793
26756
16827
1148
27643
22691
26460
31636
16607
4227
11739
9718
29174
76
15058
18331
18396
26191
22415
31841
29038
10777
27819
194
96
11247
2640
3980
21867
1424
20193
8579
8207
30766
14009
13829
8365
25562
10040
30237
3792
1715
3058
17157
6420
6309
4509
31299
29737
20510
1602
3054
21431
14716
6330
26021
16958
30706
19923
27700
25158
7047
15493
334
25959
30531
711
27060
22297
27035
28980
6525
31478
17258
6268
11529
15696
30608
8256
23681
8938
18069
2841
10603
19029
5111
22724
21627
707
30667
17720
32277
22105
31730
1292
1692
29585
26800
1128
23000
923
23527
22800
15578
16217
5140
19648
26030
14072
29309
2840
2924
30956
2156
10898
348
23811
9140
9652
26632
5413
25088
5079
14951
23271
528
7259
15594
17085
3381
7821
22704
15060
14065
17683
628
19695
6217
25926
26886
6381
10787
27416
12472
16277
25528
32018
23466
31655
4364
26843
12154
6781
12968
15983
1809
2883
2124
14848
30748
32534
9048
26785
11119
2147
23542
2166
999
22038
29852
11764
11570
18602
14706
5694
22654
26940
31726
135
15269
30749
23698
3913
12939
21375
27479
18081
5754
10752
8341
19093
193
8195
19394
21267
3494
8323
4599
11389
19196
1635
29313
32086
7923
28432
8330
25502
17415
19179
18223
31406
29554
26298
27478
29011
11086
8786
26866
27987
31926
8516
7360
17110
6634
29543
9111
5093
21853
20686
10944
19519
23532
28664
14325
19500
25385
14983
3188
10133
11001
23469
22189
9572
28037
23542
12131
6368
7489
22255
3132
14752
19017
3116
19471
1744
18428
30480
27020
27344
9737
9293
31819
17147
1123
4175
26355
3371
6342
7387
2934
28751
23916
30179
4457
8833
19350
28495
15844
29964
32233
3011
13632
2754
19902
7174
31727
15989
16
23062
515
8430
7628
29604
18892
31991
31317
1411
1811
963
7182
6387
4198
14181
26
20516
8541
29917
6164
32669
17964
5576
14807
1483
28526
14500
14183
23224
28729
17697
3627
21253
31136
31751
28775
6825
22648
18054
8206
13212
30441
24541
18712
30416
32375
26636
6015
18742
7667
18789
6032
9061
24438
20093
32397
25981
4045
1925
14305
12095
31934
17067
10
16572
12682
1065
10572
29198
12420
12124
28206
17997
5592
16154
23074
32124
3259
22025
8497
6850
19310
22699
25520
25909
1594
19316
27500
3264
19621
9471
26111
31835
28511
22633
30695
26019
25011
16675
5488
8961
14953
29468
24121
4541
10430
21059
17792
4936
23563
2496
24024
15132
20425
21128
1364
22890
30742
31490
32240
20553
10596
29432
11082
16360
10049
23501
5398
28597
5378
24026
19447
23738
21730
30585
25413
32722
16988
15212
17332
1531
17420
29713
13972
11951
5331
24684
23965
10042
28492
27765
11841
20441
25493
1043
1266
11987
13222
29591
23649
9476
15670
24200
17783
14302
23646
24379
18943
10254
28548
19742
31215
19146
9190
25744
21256
20867
656
19762
19823
22763
11482
19676
4719
22968
24297
6103
24690
5732
9029
14196
20058
9240
18711
5699
3700
1989
18565
13110
16701
10459
27687
10824
5737
30014
19657
22639
32581
10467
28591
21272
261
5033
20047
12208
28163
9362
32519
20769
30460
19985
27635
22912
615
31152
17455
7731
12278
20577
12718
7818
7663
17283
23169
22571
29063
4415
29397
14298
32376
2347
31273
20956
21823
12813
6349
20270
22682
27252
28525
24742
17961
19793
13930
28319
12866
12800
16713
20007
8462
17573
23438
1568
17694
16173
21401
16
12631
27778
25113
3189
4222
20663
15846
26615
11176
11679
15266
15652
16726
30870
30613
31953
9701
4739
28339
14646
5651
24737
4398
28767
1742
18659
28264
30571
11498
21315
4935
15323
20825
12404
18822
9150
8754
14780
3157
15248
11258
22238
8513
18868
2022
18429
23015
19852
12018
20855
5400
30221
1285
6061
28489
15558
6057
27907
30422
1412
16687
338
28230
21445
27017
12430
28534
27947
17300
23237
19976
8620
17173
18351
17940
27350
18406
32227
27560
31443
18618
15664
9497
17953
23162
32757
12897
14143
4910
26627
10503
15162
25472
31966
24145
15819
26895
5227
9770
13333
31836
12625
26978
14257
23994
27214
19403
3754
30729
17653
24007
22213
10432
25134
17193
30226
10301
15829
27780
32291
22488
23758
29243
12256
10912
3426
22362
1070
3687
18383
9012
24854
32644
19243
10031
14260
17427
24938
7717
19155
31756
7635
7167
16703
13540
32316
12318
1390
10387
941
28495
25481
14641
27973
28527
4750
15580
10119
18372
17390
18792
2984
25362
17648
9972
1761
12721
480
7722
26175
20976
2974
16845
542
11344
27821
25611
19057
20680
14303
4902
16165
19278
7191
21276
23878
14624
8675
18564
21712
10135
11890
28412
2466
32574
24924
4621
18110
2577
25171
23250
9559
5711
9940
12237
31216
14296
28793
8121
22216
9063
18806
693
28004
30778
26973
25792
12076
2667
11965
5906
16569
16722
10590
6921
8475
1888
23226
30742
7243
10712
20122
31916
2938
8427
18240
19232
11150
11017
23896
25333
18247
8252
32350
31198
28563
17950
32230
11527
14278
18098
26073
9311
26271
20808
29433
20323
10876
25850
23464
29470
27789
12119
30947
11802
14688
25461
19102
25586
25232
31293
22315
23784
14522
17405
16383
3800
17454
11372
3340
16682
21562
23998
5348
15800
10673
9136
2490
8841
23006
12391
16225
7205
25711
17019
11540
11204
21413
2180
5510
13055
15599
6443
4559
25675
7631
5023
12192
20074
20640
25371
17156
25308
27567
24745
31963
13551
22247
26414
7185
13610
4286
17260
29569
11440
24778
1654
11537
15680
18298
15864
7895
25603
1490
8188
28868
24369
10875
12342
16030
13482
9403
32331
4756
15505
31612
18220
12236
11237
19342
5873
24031
27789
19801
13827
944
7544
29005
30910
3159
17051
20887
9047
9751
19642
24905
5789
21829
24947
31757
23478
16114
1669
11787
26652
14925
13493
29502
9220
8586
4995
15429
2025
22970
31172
26991
8081
4814
18553
658
31362
29667
30363
24266
13044
17078
16830
22781
26970
16183
26258
11362
3278
21509
8250
25030
11785
29967
24088
13348
10114
18431
14954
7190
29318
29736
851
29105
13488
12108
21094
21554
17760
15197
25945
25866
3607
12660
24100
10260
28020
3086
9980
29803
23452
26932
662
20819
19844
13785
24823
30767
22648
21857
2863
25747
5541
7203
31285
21199
7557
15003
20117
9544
22878
20330
30247
5440
23899
14080
5258
7549
15095
25992
31544
15785
9116
721
28869
14321
21599
23559
22294
28158
17634
26554
26444
12441
6962
5098
920
1829
14329
16576
15158
32291
19978
11951
25662
18520
4589
4948
8414
32233
27479
23647
30809
7551
11088
7537
2527
8500
32532
13727
24463
13094
1110
25836
29633
10740
32042
30614
10339
4507
30517
15610
18338
4764
26849
10436
27433
23481
27584
10466
9102
31494
26343
28554
3167
14583
29230
22184
18980
12647
7314
20984
31318
17366
13621
16492
7204
7964
7732
7192
6928
22721
10151
23847
20935
27658
12548
5862
22610
8582
26142
28848
29129
25024
2211
17824
11676
7515
25239
12476
4540
25436
28233
11167
28740
12822
27485
20028
228
8895
18140
7266
32712
19731
20805
14579
23287
6606
24662
16512
8954
29427
19210
32714
18443
982
24701
15499
29910
6937
9096
19534
6919
2421
8581
14481
28087
16874
30873
4627
15393
7787
8214
5330
29319
9800
29944
28420
11368
31999
30262
22160
18831
3189
31291
15280
21840
7548
21454
13973
32551
2198
16594
8581
12044
32280
24680
27807
25786
30132
7199
22221
15997
14511
8596
13745
1134
27615
32246
23340
13593
13976
28895
26869
16862
31201
25372
21206
4870
3806
7100
31733
14286
21448
3820
11384
664
25530
21938
11078
11353
2483
19845
26683
1834
27584
4050
19560
32204
24693
20756
12933
17363
24032
23554
12028
10305
32238
12462
2138
2629
29686
11769
20786
10935
1432
31879
7159
8675
19005
5592
15127
5190
9576
4029
161
25090
29145
3075
15375
6657
20705
27030
7707
14649
3037
6846
22218
32146
5200
9850
16199
25741
3950
7405
9923
28560
4522
26828
21426
28514
4073
7849
1420
17778
20147
26132
20447
26935
11113
5657
24514
29256
29130
8348
30545
731
6339
27549
7871
12562
7231
31013
29692
23352
24085
20834
6689
9023
5387
7345
19892
5584
9236
14076
30666
4596
21963
10742
212
6843
1121
14473
19492
23598
23843
22704
3427
28678
9248
21273
9148
6587
27768
16939
10151
21608
5978
21430
29774
19272
31371
16887
20642
30915
2794
13337
1414
12632
16621
14936
31386
18857
30333
5709
8586
8872
21775
1187
6480
23858
12839
10682
6131
4304
29597
19365
28962
31713
9764
15423
30788
30689
1747
4936
26683
3337
30025
15794
6685
2108
9579
13401
29480
18527
29595
26476
6089
14200
21153
25310
5498
11729
1072
30858
15189
20857
29667
18152
14327
16222
14303
8810
24072
24465
22004
13883
322
8687
4143
192
18948
23935
23269
9373
27869
19301
26295
14555
27851
5993
7974
30911
21218
13480
11934
13709
25114
23112
21034
27199
23563
27363
6077
571
2340
20282
4196
9862
26054
16975
998
10215
20459
22507
6752
13099
25344
9038
32483
7207
26923
13364
26640
30901
27695
12375
20540
21374
30445
30803
17954
31859
31857
32522
3020
13695
19478
25941
15752
14275
4928
27076
31772
5883
20908
12978
21602
10872
15125
32168
10575
11520
1320
4784
30732
27581
26257
20642
22465
17057
30960
4763
3497
4757
6376
10775
23626
32463
20652
30616
15391
13427
10321
32351
11221
23379
20646
17526
23463
22349
1431
6882
7546
13565
31183
11404
16704
23581
11413
3352
16002
26810
12309
29542
23776
9751
24707
29309
29262
30264
32106
27885
30860
14013
16828
13559
24458
31708
20948
25188
8375
29499
22776
17218
9428
31748
4400
31402
23372
4213
1789
30058
14667
3694
24442
21534
1806
14970
15897
7022
29899
25438
22228
31676
2310
27060
25029
3182
11400
6520
17367
3241
11718
9754
774
7127
22924
2139
17911
27791
20103
7200
10980
5399
7222
23933
16373
4115
29784
30311
29179
11161
24295
8203
17826
19702
22355
13029
30799
11713
5771
5067
32557
6480
3961
24486
4414
86
19265
19298
18746
12731
4497
26072
29686
12112
25016
2924
5775
11410
13266
8437
19000
24528
506
21878
25912
25741
9731
11495
5177
24998
25463
19553
4378
27480
26997
2844
31037
7418
7722
3998
24778
10608
12732
23106
23059
21317
28109
15900
21091
30205
15975
28483
10249
806
22222
6056
11741
5926
31143
19034
31522
10855
3375
7515
18737
20799
1062
2560
4804
9421
6618
26640
10364
9074
15148
904
30151
24563
20936
21065
21487
9191
11701
20225
21240
14487
17610
15467
18456
9830
2259
28719
11079
29132
15043
31687
18654
9036
2071
22276
19952
30255
2535
14712
404
17247
19112
5260
31187
14095
22655
6683
5595
31633
5614
17067
28379
7801
16021
26436
25107
2757
13851
26329
29148
24969
31442
30931
5098
31619
2360
23748
1111
5310
28202
4844
21034
18951
10888
26617
17647
22620
4097
20220
5239
14722
4485
23191
2639
20816
24599
10067
16978
18494
6293
8031
9113
14861
17184
10814
1470
12113
9463
22768
30772
22838
30750
3664
16278
7259
15269
28279
24616
4226
22177
1255
26991
13699
11490
11310
9587
22631
32355
12841
19441
23152
1126
24351
32487
9437
24949
27033
29484
31331
9092
19274
28712
31865
32244
22266
22555
24517
13448
28027
21639
30954
25764
22723
2427
5964
1056
25603
9839
28088
28805
15554
5492
8186
5499
29127
26848
23526
6743
20690
17514
5072
32025
10545
28571
26764
32117
3199
3691
12056
30485
12505
12674
22624
9480
26670
24395
20954
17143
7969
23088
17246
661
13476
13620
30445
22510
24490
14803
22465
27289
5605
1379
25833
825
14652
11861
24390
7798
30871
9297
21742
3150
23187
1738
27868
29581
25558
14284
21446
31291
19272
25857
23461
20537
28932
21470
7289
22216
4975
32542
14022
14096
5318
27285
30900
30927
25428
9669
17715
17304
24696
9120
2825
12034
19909
243
22155
26956
589
4712
9020
28258
6655
27487
24855
17234
23673
14823
5550
28911
445
14758
17790
4796
30201
18247
6779
9917
32752
30365
26215
2066
2636
11729
32586
32276
2120
24729
24219
9222
15831
6695
1168
16055
5782
27505
29914
14261
22588
2968
17964
12357
14501
183
1267
11175
30562
20166
24206
26750
10668
27100
27475
17160
32746
25800
16186
13495
26155
9713
9981
16239
17313
1954
21606
10211
23179
7066
16556
406
11947
2281
791
31614
10464
12630
9358
6432
16406
1368
5129
31424
28826
18403
18722
2731
27016
31094
22514
27098
4806
3584
16753
31140
41
9686
7939
12154
7193
12529
15686
23921
21189
9022
29907
27438
19146
17155
31285
15833
30604
5640
26822
21941
6428
8483
11722
18613
7051
1056
29239
3653
2419
5307
16902
11534
6598
14186
8980
31474
20543
31840
7443
21735
2635
17596
6771
299
16399
19743
26093
16036
9496
23872
16045
21497
15620
29440
14313
17155
8450
6710
1287
19956
31431
13002
10756
1543
28381
3057
579
2200
27593
5193
24572
16707
15524
16978
21507
12008
11167
1350
28517
20906
31560
21912
2115
4136
22732
17145
1536
1868
4117
28997
6991
29379
27743
31031
11033
6417
24475
21667
11158
5996
21520
28791
14257
28617
30496
4380
24309
19661
16287
24867
29270
10334
17733
17470
30210
9689
22279
17931
11834
27036
16139
11238
8919
30644
28491
18855
2651
3831
32085
1119
9886
26235
8156
24557
26773
16695
11678
27773
10968
29883
9451
21582
3428
17569
14341
1713
1137
19360
8665
23496
16656
10377
19847
23116
24175
19576
25543
21994
32423
17559
7972
5217
8885
19037
19118
2200
29571
14626
7292
5277
21034
29898
13677
3024
12956
15012
1795
28103
17594
8331
10067
21116
30363
28965
18512
15646
11796
19311
26615
16134
20957
3106
15662
18513
16972
17757
27015
16124
14148
28754
11879
29079
6772
26703
20681
23806
13562
6689
10735
14490
13136
459
14983
8924
17907
23448
26292
20143
31824
4902
18496
28580
13272
13206
32263
4208
24876
13441
14058
28299
8069
26334
1879
4943
18563
17258
9409
1050
28383
3439
32334
28767
10947
8188
2333
20909
18469
13417
28316
32621
21604
3760
25067
8170
19635
14796
5085
19120
30208
417
11403
30958
4530
31316
19920
18161
12238
8908
11027
32681
24645
4015
24443
10998
6472
20901
10608
11104
23045
3969
4571
27898
17443
145
16009
10287
14376
27577
25214
23270
23627
32238
21104
16191
23357
1292
549
29558
19535
24513
7335
18514
4399
11583
6879
14354
21466
19650
27648
13457
23686
8923
3890
21276
31100
18036
3624
5054
12714
6553
4563
22856
2033
31000
5870
29690
17591
20620
8120
2195
28127
31300
9439
21328
11721
31322
15104
11126
24171
19364
10002
12424
12993
15284
14999
9303
1469
22351
14123
8390
19913
970
30670
4856
28628
22075
27056
14368
32247
5288
14671
10706
19737
19738
1625
16823
2239
23358
20679
20180
29044
8286
9417
14534
29582
29901
25077
10466
9097
30663
13927
10566
27623
13401
26542
2068
31307
29099
13194
22734
27641
24078
6097
10492
25671
2162
13678
22352
19964
29414
25012
10739
5801
23747
8773
4546
3999
4407
28194
11463
27936
22019
4509
32590
26400
27260
31993
32045
14964
5820
7878
446
29234
23577
10197
8616
24072
7667
30284
7665
17350
9152
12184
20160
17064
18203
27552
3635
15278
9634
23315
21646
28511
21905
20725
12653
3742
16891
24947
24931
27468
1838
2545
24893
7033
11895
14003
13976
14088
11608
29023
10754
30313
26856
32134
5992
11777
17674
18351
20673
16428
9569
11774
286
6182
28692
15088
28585
20821
9993
29508
5254
27263
27428
9760
2896
16206
14893
8074
15316
24011
31323
29190
1722
11795
31111
17883
23345
10553
3637
26634
9543
29374
20524
6640
4234
32375
26632
26735
31820
32056
32230
7957
14081
17243
12643
5380
29158
25361
3321
26681
13330
14416
14423
28238
19801
6025
16965
31481
9486
20682
4555
12323
29290
13111
163
2711
19483
12448
31064
13269
31443
22318
10002
5355
31195
15484
4679
5024
3006
1258
18405
16007
19730
30977
25622
2665
32674
5377
7502
7182
26434
15047
4653
18950
25324
7475
11761
15125
28094
31998
10375
27577
21994
32445
19170
23401
22473
773
31901
17537
3008
31566
31476
14310
25952
14516
26755
29758
19238
25295
3433
8575
15479
19849
30905
25600
26250
152
4783
9503
13326
9959
16034
9148
16941
22466
2681
10120
4477
21614
2634
2345
5915
5997
13491
2162
5548
30613
30164
22559
1373
10535
28269
23369
18733
12253
3479
20824
8485
13564
3889
5762
23007
31525
17351
30572
21986
9272
29395
11165
24576
12169
19829
16005
4311
17076
18491
18223
5384
19950
24043
8334
23895
13200
20828
10474
23205
8744
4310
29951
18766
16977
1623
14828
23807
4738
7528
13714
10216
7013
4536
25488
15618
1815
10414
15526
30288
1663
31939
328
10838
8758
4725
19229
27982
11048
30949
7644
2194
20250
16678
11776
9659
11353
6112
12828
21365
25884
20620
8910
15284
20774
16872
9066
15830
11442
7108
1719
2066
22644
14163
11155
30487
5416
79
30806
319
23982
22606
4023
29149
27319
20804
26946
4675
10140
1701
30661
16643
19428
8380
10743
20066
6773
7217
27579
25249
14600
22499
161
27389
4119
3131
8770
15120
19692
19001
8434
11120
20136
9996
8055
19180
3200
19142
8408
20964
4417
17934
17809
20754
1815
32582
559
24784
1336
23094
13986
32007
25838
26992
23902
23366
28131
4808
12057
16305
3571
29652
6335
23787
24798
16096
2466
8106
27840
18077
10012
18268
5350
8568
2275
30250
23076
1137
11276
26173
25247
15735
29329
11640
23528
29009
4483
14921
17538
13998
499
13980
29101
17431
30767
29934
21483
27348
1179
2828
27863
16131
6342
1361
2721
29751
29832
13883
26676
25170
31081
2731
4429
32739
7155
7773
196
25856
5981
28822
2247
19777
9003
6583
17817
29332
29675
27122
9083
29273
16844
15538
25477
13114
10730
26608
24887
8014
27024
8271
12145
17219
3103
27204
19629
12236
11243
336
27033
21570
22938
9739
21139
22259
29227
6133
29961
19701
4110
17573
21826
2287
1616
31463
4767
13241
20184
27041
980
22384
1680
1961
6699
14987
7463
4302
31120
2594
31989
23100
6551
7703
13104
16069
445
21159
32414
18560
24453
16142
28380
20656
26888
17156
19795
1374
24639
29979
32226
16198
14448
32295
29531
3372
32737
16030
8392
17201
23994
28092
3573
2058
26689
8733
21884
26401
14090
11705
27783
13665
10336
17674
8430
3000
29801
13490
8478
18764
8771
32572
28802
9098
28099
22368
200
24190
21911
12617
28964
9307
1970
21711
26263
21791
5615
658
30299
26633
22877
3093
20009
5056
18374
15723
26829
4146
18636
29010
18994
12765
23159
22487
3821
434
28202
13536
8086
18885
24155
16075
12423
10309
30260
1574
16721
20830
8986
3575
30697
25258
15350
19226
14937
26912
28723
11458
4128
13297
19656
97
26959
20041
17233
13402
16236
30534
13211
7159
11597
14847
9611
25556
1345
10885
6435
21901
11410
23429
3277
7169
1746
19040
663
5535
6367
26658
7545
11316
7658
30597
22592
26811
28091
15531
5437
23246
6038
6712
30297
29509
17106
32192
29249
8924
15041
29895
21905
21566
27200
16373
29095
7794
31031
4739
23998
5567
18100
3324
1596
32560
26969
25694
25260
8378
18947
17315
2036
10966
26127
6645
12160
32356
31368
4790
4791
27433
29946
1343
29005
10036
18217
32243
29925
31294
6118
14242
4846
19182
27961
26892
15127
7449
28740
16209
26059
12435
15793
15166
29807
14611
13333
23304
8343
19328
19787
3244
9088
15230
31599
13948
7890
66
7032
30548
19250
29805
10705
27705
12193
32522
6916
11318
15849
7488
22357
6774
23300
3358
26303
7534
21336
26585
6288
14666
16068
19592
13459
9153
24268
13525
4336
7616
25150
978
3751
1368
26200
17055
23625
17338
1889
11628
3916
30447
32047
15859
20215
17323
5958
3812
20188
21947
3895
8410
20699
23196
30913
872
13827
2189
7891
20179
2151
9163
7342
5903
6582
10470
11060
26645
16430
16247
23352
22471
1
30653
14704
32537
17464
19737
24694
4878
11202
30828
31865
7743
26218
20509
10984
5318
154
4704
4875
29684
17005
8636
18637
6559
6990
20843
24344
12434
20503
18714
29798
27139
238
15775
11088
12959
5917
745
7620
23482
6574
2094
8867
4993
3809
23337
32709
1133
8967
15627
12533
19261
10564
23019
2123
7354
8934
14737
1986
27065
4356
12282
20072
11332
12104
11742
1481
23614
3979
11969
2603
16961
24335
1095
25270
21183
9193
14808
14365
9067
297
11346
22040
20794
22453
27628
2151
14540
1486
6598
8505
10401
1173
4933
18975
20456
15856
6237
2743
31290
9424
28494
7445
30157
5039
27571
24780
31186
27825
23613
10868
11826
30276
9771
2283
32312
10184
22689
25004
27951
23257
29260
31854
17573
21141
15377
10364
32387
1922
4134
28368
7204
8867
8159
31137
21623
1117
1511
10643
7952
31700
16447
3480
1168
8517
16110
2141
14209
6865
5410
5473
21005
25558
6887
18957
9011
9297
21329
1874
22015
23234
972
30820
30935
3473
20600
7536
12543
16053
6548
29376
23028
25510
10801
8799
2811
7976
14435
11553
23984
31754
30211
17518
17321
5823
31118
6843
10371
20155
393
27999
1428
29289
28271
16021
15260
7139
1592
32483
8996
14065
16730
11675
17278
9977
18380
12685
13893
11363
8210
32654
25772
4825
30830
9199
11667
9731
16359
25302
26798
2518
17281
22760
1303
16162
30904
13040
11249
31692
12445
13640
7329
5004
1744
22932
4206
17067
3498
9441
28305
7066
13904
16942
4547
8234
20074
14350
13612
1187
62
4145
4071
2133
7201
29382
21586
22292
5590
6973
17760
19510
28271
26348
7515
30572
31854
15153
10586
26930
1146
8650
24275
5444
13742
22927
18800
4584
7141
27522
25463
17323
17828
19855
10474
6830
10355
7225
6089
10455
17568
5134
19091
9582
4384
28019
21113
16793
23449
16584
11832
8066
16738
15128
15181
19984
7848
20909
25524
28917
26573
65
18128
15172
29993
4549
11929
30094
29945
6831
31050
1865
790
15316
25777
23760
32409
10399
32609
23016
16219
12284
31363
13313
19927
32518
30271
22607
11124
21127
17127
26950
526
8084
25778
3292
30670
13613
7583
26785
14236
25422
11322
16377
9289
29573
22651
9201
17092
27038
17467
5254
8001
379
24279
32121
20172
16454
24806
17039
17019
22540
8543
2521
15990
20333
32632
10280
2034
17058
20684
13238
31467
4512
15715
23145
22117
15170
31553
10007
24655
25685
15359
2133
2891
312
14565
22574
13725
31024
26742
7773
8152
15921
10696
19091
3492
12268
24245
20349
11670
28602
9521
22341
10326
13891
1780
11904
27683
7243
1022
15032
13988
32585
21204
6022
199
14318
3981
11737
4820
13410
7413
22284
29629
4911
5515
3526
32486
26273
27681
2908
26270
8479
7178
29306
23817
129
8296
7518
13985
6394
19119
16311
16586
3867
17325
20078
14196
14691
19356
604
85
29260
29551
2093
26154
28632
31
9731
16512
18458
13939
26485
21461
27890
7192
4364
27580
9142
2000
3197
4195
4094
8099
14521
2349
10192
26029
18329
5926
21790
21654
17927
9118
4829
7396
31088
26091
14781
22859
19426
6922
18276
1221
22197
5579
32327
9507
16979
4813
24917
13618
28034
4011
11237
18958
28592
10662
28602
14858
32217
15135
30578
30820
29620
27633
12969
6206
13694
3445
1610
1178
20624
17783
16318
24254
18266
878
12983
3584
13769
16651
17476
29534
16236
25585
28029
25932
28345
18946
19660
28372
20673
19361
18290
15131
4314
29975
29257
15161
12099
2264
14842
20653
6749
24632
6675
22449
24241
24868
16088
32368
28679
3355
29119
14015
17180
4080
29719
8397
30464
22633
30364
7924
25821
10121
14107
1149
26733
27613
4032
10467
32247
3767
14046
19240
26445
9589
20369
17656
13126
15897
29563
14698
24487
20590
9004
13633
25579
32659
3769
21777
29594
7993
28273
22642
11619
20949
4009
23308
7077
388
11221
16098
301
12732
23642
11620
11615
17016
29597
27211
4946
31360
7868
31180
25459
7194
7879
17854
26501
31601
30828
1173
29595
21941
30803
18128
13695
25684
28658
12252
10164
19162
13751
13181
879
30533
965
853
22563
32505
19405
1338
18565
6037
14234
6986
11699
17839
27617
10857
5022
11057
9661
18518
10818
31556
14418
18834
13797
23929
17305
29990
11463
17553
11948
14947
17825
23725
8822
12290
4583
4642
4447
5204
14476
8524
2216
30045
11489
8252
18773
11193
4126
19982
9373
21379
29286
14883
27655
21045
6610
23995
19425
12212
2391
15094
2217
11711
26984
24306
7764
20079
811
15368
16638
5615
4873
15896
22120
22799
1914
25131
7814
11293
11720
20549
7083
4521
4549
23040
30298
8848
22416
20346
22369
9147
31461
32203
7521
19663
18058
13098
18798
25355
5422
5745
30733
15552
32740
30184
26360
11190
24128
18002
17651
15955
30791
12282
28972
16262
13359
8842
8681
30086
27915
1446
24265
31761
18539
29426
8339
16585
23595
7432
11433
14744
27283
5667
30829
25177
23219
18748
4382
1110
25521
3698
30580
27466
20662
32628
8935
30399
30861
29078
14347
30711
7573
10272
31417
10176
26400
26510
11792
19267
11917
12000
123
14914
29220
14970
8820
29586
31495
16100
27373
29887
22483
27476
28257
16642
2426
27084
23508
30907
28506
3343
31843
24748
26576
9384
11508
19924
14651
3372
31951
14989
2667
7239
10925
31666
31600
698
14755
12042
20234
10287
11540
14033
1357
13620
29940
31199
15457
9402
24000
4590
20784
23436
20064
15868
3229
21953
7717
7689
25660
11909
16800
31254
17335
18821
21481
682
8616
8760
8002
15926
22714
17384
14590
12610
9236
13489
32027
10331
9134
11678
913
18702
25944
6931
573
8762
9928
14554
118
18185
10754
1947
21814
30999
29896
10126
31910
2650
11264
20452
9686
5651
25912
23226
10023
4240
5772
29969
14560
7542
16624
32072
9524
2684
1009
31105
6127
26993
32322
11853
29244
17952
5960
11980
22211
12822
27949
18451
29393
31770
10797
10450
3343
21903
15798
9973
15267
27061
31750
1470
32288
4119
22789
30290
5301
31050
32307
27684
12174
12167
32555
26551
18863
436
26369
29351
20563
10853
23581
148
1372
438
22736
16686
22327
6447
26449
9856
20958
26124
17059
5408
6616
17450
9412
30623
8374
14651
25844
24015
29613
9129
20196
4000
4097
17890
8868
17384
24873
1643
1811
9239
30920
18961
25162
27248
26665
24768
7375
26477
23851
19956
3753
13825
3077
8265
9692
14193
27961
17425
28696
26623
8720
30305
4452
25380
28501
29992
21498
27860
21985
14955
1957
3507
8222
9524
3490
1948
18021
11416
23359
16981
2681
17290
17648
3853
18419
21143
20398
13414
14176
5099
12406
16443
7997
32330
18821
31078
22643
1196
25882
17213
26693
9532
11917
14219
10872
15191
1637
803
4651
884
28063
4011
21878
24218
23442
413
1618
5402
3261
31238
11060
729
10573
840
9923
24875
26492
480
12872
15473
15133
5287
2572
12251
4693
16028
2992
622
16493
28688
13980
26379
8465
6175
11219
10858
19098
21541
30715
3898
23829
10452
14311
12645
30310
13604
21500
18461
1700
32486
18121
17090
29713
7579
21424
30947
14421
31956
17360
7713
15250
7181
15358
19832
1944
12989
20361
26830
19531
21371
13244
15064
20608
9414
30796
29158
22411
727
2826
18165
603
24662
23184
20429
7776
24424
17575
14515
1205
14943
13333
24659
5530
14836
21381
23210
1269
49
13324
4868
7319
1425
9545
30218
7600
11383
24013
17291
1363
18920
11095
30271
23066
25956
5842
16594
15591
31228
14961
31278
1345
1189
28971
32333
8041
10437
15471
16675
28088
2072
7095
11104
19028
27681
3059
471
26184
14637
20602
8384
20287
24470
31996
2999
10185
15757
8993
26214
16383
15163
18921
31197
16821
27102
2710
4528
20389
2229
25029
3452
28088
27898
16010
3368
30199
27382
28448
16928
30513
29261
16123
28005
587
16870
3585
29001
10702
15304
28985
24193
2642
3847
20975
11611
19576
2928
3955
21253
1177
31636
17513
23608
5120
8154
20454
11999
20353
10145
27404
4410
6992
18034
28042
14339
22134
29721
16467
17473
9982
6824
7464
23746
28893
18465
29882
1683
8110
2091
18514
12625
18336
204
3267
22840
30623
27750
22130
27341
15783
10858
14708
32556
15907
30999
26792
5755
4161
18995
23891
11212
28428
6355
19237
6095
13000
3724
5623
14868
11295
24216
29989
26212
14012
769
25578
8268
7002
26883
32189
13625
24557
16802
30333
5067
5062
24452
3994
1724
11857
736
28583
23802
19185
19961
10599
16898
12597
6777
32378
8353
22241
20664
26674
19684
16678
15803
31595
12204
27139
31725
6130
18959
17065
30890
28956
4935
14078
24788
13222
29842
20603
25637
31305
27866
4021
17701
297
14892
18912
4751
29467
31081
27304
32004
12669
16779
6321
12588
17216
24227
21044
29221
5838
27657
17505
27083
19073
28365
30156
9481
7524
20879
4173
21045
7882
5233
12950
9088
19610
16325
13401
17248
4380
26822
13345
30080
20083
31020
22199
15870
1627
21893
13653
7644
25848
5230
18436
10146
11320
6352
11862
18875
16241
19939
3799
25307
14776
1471
21259
10516
27768
25518
25393
22278
28310
27825
31760
13721
22859
22849
27725
20381
20991
17095
20268
29198
3195
2861
16153
11883
2159
24576
18231
29339
15959
23049
2394
10537
19555
5521
26780
145
15612
22722
24959
27891
1500
24947
29360
3318
3054
19317
1690
32207
22361
12596
27444
25303
9326
21240
19884
28891
30855
10286
30122
9305
32028
23755
11836
189
4972
6759
25311
21884
27308
22255
30580
3060
26698
25365
30676
13165
25000
30088
28132
14235
22841
17997
2878
14043
4359
2818
26993
13995
12652
25682
19511
27453
5778
26450
30880
23359
1794
9256
27029
26841
3572
19010
20185
18845
26113
32264
25528
709
29591
27823
30643
6529
26567
26107
25502
10673
19281
14674
16552
32244
19153
2708
6908
10325
4148
30597
30051
23800
12900
25287
7660
11675
17170
21758
30797
12390
2079
23823
11491
27418
14553
25302
23576
18599
28105
22052
28998
23232
30199
26886
11225
13773
14523
32387
26411
26978
13589
2500
15684
26494
8386
17993
32359
9504
3629
14528
24383
14583
8444
8323
7061
32073
21014
20726
30385
25179
26970
9506
26883
29340
25163
15174
32521
26743
2626
12934
6603
25567
24417
29058
8773
6074
18386
17033
19025
16761
31898
28499
14938
28965
27412
31794
20325
6801
12063
19500
4416
12430
24332
11244
13879
26523
5010
5861
19791
128
30058
727
3708
10073
26605
13972
16134
9206
5403
13032
22104
21493
1669
9410
19320
24568
6019
22309
24533
6733
24753
2375
12889
663
15760
19854
26140
20022
25398
4471
19746
842
11990
2066
22996
9721
9757
18819
23600
2336
20528
14703
25049
29249
14357
2853
13470
5621
10882
15743
4582
20871
4332
13631
20844
18619
5595
31541
22484
24488
9613
29789
14571
26990
22808
28119
32721
11772
12459
25674
15696
21112
30599
22283
9600
10214
29618
14733
30661
17277
24718
3673
3637
20086
15526
16860
32612
32481
209
23060
72
32184
19267
8281
22496
17784
20673
12562
16102
11950
10376
8366
9333
10155
21810
30191
24388
32447
15661
28193
22841
13669
12703
19292
13502
20935
29082
17996
17827
21525
21392
7872
821
8749
17629
17949
11927
20861
30080
22282
4793
16525
10698
19472
22317
30092
28048
3739
674
28179
11268
17538
23555
29572
26692
30930
20835
22019
2562
7475
16202
9878
22110
13790
8090
18278
11233
29178
31486
25920
25930
24803
26229
7223
29063
25611
8338
24451
13134
31131
13799
24616
29348
4611
5794
2862
931
17053
26346
9790
27096
32378
1456
7635
4479
11011
29209
1297
10205
8368
1776
4331
14641
17124
14009
25330
6519
21508
30481
13182
18330
26713
15086
8199
14206
23812
28974
13995
10760
5453
32236
15023
29061
3518
26219
12127
17254
6016
31557
1498
13623
15484
4018
30060
12636
5889
18186
25977
8980
5022
28721
16657
30975
19309
5548
1891
30446
11875
8117
23746
30929
27590
21711
9003
29052
12477
1711
29238
16179
17470
23681
11259
31733
10317
3515
4070
24137
14656
12638
21432
29707
7686
23042
29851
27720
28417
27472
26372
15940
31000
20452
9052
362
30619
30333
10003
28256
28897
24936
7328
21932
16063
32161
4729
20305
28627
17379
3464
26012
5993
4185
28414
27712
7590
10701
31237
26980
16899
2471
17910
20526
538
5418
10427
11015
29088
29797
19116
32083
4080
30397
10002
8565
9141
20603
19918
8784
19166
27814
7618
18426
7156
28094
26124
14536
22992
9500
31345
10645
5151
9486
24230
27288
13766
28174
23006
2830
29424
297
25112
16041
25319
18535
8378
18868
24631
27016
5017
20955
10664
25797
17674
12301
12825
8539
26808
10310
10604
10226
3251
16372
19580
1782
7665
25102
17534
18518
4918
17746
15491
31213
16792
30058
4114
19524
3215
3982
24537
23732
22718
9468
7338
1082
10972
714
16660
8278
30293
32557
29263
14222
24340
22102
21126
31919
26631
20205
20459
32766
12297
12801
2358
20616
14862
7858
26366
21645
6628
30921
3184
4795
22417
12615
19181
8885
16838
16887
32634
17003
14239
14042
23147
22875
8731
16092
5848
28855
3255
18493
12146
27134
15634
9423
15460
22531
17178
26286
13559
30691
28248
28542
26263
20661
15870
2210
21414
29739
24413
25191
27978
16221
12096
12654
24602
2039
6863
9171
6255
20782
25587
31899
17789
4999
8301
25986
26645
17002
18416
6596
18293
178
25445
8655
16500
175
3215
6430
13387
24008
31701
2784
13380
3963
25475
19179
2844
5356
8951
12738
30094
25519
8548
15287
4312
1963
29122
30727
18241
12156
10553
29485
4393
17236
25034
12113
12126
19110
4744
10483
6337
25690
264
18112
9170
23397
1206
24529
13793
1150
31763
27029
18541
9277
22305
25574
5300
27516
17261
11767
20688
12175
31289
19088
16342
32379
21997
20336
19312
15063
11486
11686
9926
8061
20333
13925
21699
21545
25099
25940
5083
15193
31752
32139
27935
15643
19072
20442
30434
3516
25400
8539
5385
4973
1188
20249
4046
19568
23273
32534
8815
25418
16925
32347
18484
29754
14913
9830
4841
15137
9296
16249
13932
29033
10111
14531
18941
1221
15559
14620
29439
19337
12157
19900
1886
22323
31043
17415
25400
169
5424
15102
2356
22729
31212
6620
19741
26085
22839
13710
10629
25270
7672
2643
20641
32687
29558
30322
24694
201
7345
14920
21387
3102
6668
18977
17093
15570
4619
14719
16829
30440
31399
5793
12023
3491
26415
16974
19901
27943
18947
7410
22221
19343
11577
4383
16726
32218
5417
22318
16466
27409
16232
21837
19875
14992
30978
5941
19208
9579
17661
28634
30324
17711
19811
10383
29212
8760
18514
11518
23296
1903
3508
24276
22535
24749
536
10217
13514
24671
4206
23466
7787
4985
3339
26992
29292
12265
5609
1809
2286
19063
29253
9291
21142
3316
6667
19154
9991
28967
16589
25898
17147
11730
25999
4969
25874
16778
26716
31095
2616
25814
22562
17988
12109
32085
27565
25024
12249
2114
16523
8328
26629
21700
16773
7214
6627
5093
17429
28427
21410
26155
17984
8740
381
17578
8857
28645
14859
13620
27703
13646
18707
760
28542
30807
7112
9811
14106
7321
13973
9225
29289
20563
12575
8485
13286
26044
20018
14506
16643
20175
1006
4566
9314
18329
12828
24297
8744
6491
21068
32636
11058
7696
22951
27558
29131
21157
32165
32668
27861
16341
26661
5500
5097
14526
31028
28653
17825
22705
391
18911
20632
26004
3803
502
30079
623
28157
11325
3680
22009
1477
21994
32065
25479
21714
13926
32615
22773
28250
22713
30322
22295
15405
17575
25668
20159
23969
3314
26204
23061
13864
15697
10126
27288
16608
27022
27246
25049
2949
31218
6845
854
3081
22994
32529
25784
5622
713
23654
27409
11312
3734
10435
8348
26409
14723
1154
8937
7780
25907
14354
17610
17511
1669
7537
31757
18484
21685
28891
22601
20927
208
5598
10850
9980
6003
2162
10407
5921
12274
24003
12542
30842
7112
5340
6576
8
10487
574
18329
14801
1845
13284
31769
26856
3469
12873
25485
18532
7783
10518
2427
2979
2094
9535
2339
32090
13536
30225
28219
30113
9084
10099
10885
3680
26902
12827
11597
21205
12391
24479
29332
22857
20726
32718
24978
27246
206
74
13893
28636
4325
19326
17088
31099
2743
32314
12663
8062
5195
23827
7827
21087
25695
23035
4692
21656
27584
18827
30665
23496
20737
7026
1375
9427
19571
14975
10040
2874
8998
14238
4746
19435
24929
21555
6931
4159
18359
30546
24541
22540
8561
5015
20471
8761
24798
13825
10098
11870
16472
29419
13826
32028
26745
3009
11922
402
8921
27412
6818
12975
9020
14824
23842
6870
27197
1539
25049
2202
17041
20296
1996
2541
14277
28104
29367
739
12844
26651
24174
2661
11018
15656
5855
13286
299
12406
14012
8710
27793
18715
10323
31389
1754
4992
26062
30342
22649
9714
28916
19273
21211
16126
17313
5346
8081
6292
11645
2043
7880
5814
11485
25053
11066
31056
9155
1661
5924
22454
31826
11116
23031
4849
19694
20363
14345
1679
7626
16442
18130
10811
3049
955
3993
15721
19169
8078
14239
11836
2844
7390
16363
3098
15486
5103
27072
18919
6805
18340
30739
16145
1570
24810
16825
29623
6105
13493
26814
7838
16247
21773
30774
16177
15900
24039
2628
30353
16749
162
5879
16485
13553
18015
13448
22619
25935
24235
25306
22870
21717
3445
4360
25518
16269
18526
13979
2538
3635
27881
27858
22632
15728
8150
20862
22518
28558
26718
30557
11614
32698
15112
4491
16489
13284
17113
22874
25327
14913
6411
15924
23980
18355
21072
8562
22518
22419
2090
8268
6146
20177
530
32212
27512
13370
27647
13938
32237
26432
19938
23637
25184
19208
11924
1882
20241
29652
3231
10796
13066
2383
12946
17284
10731
7059
24355
5417
15962
6779
13203
12884
16307
15865
13424
19808
4607
9439
26537
9332
18572
691
14432
14928
6823
2760
30377
26651
17830
11878
22380
10096
21243
7571
10272
32144
11525
23014
17721
9429
18226
25631
20530
16003
8002
16502
17094
29061
31109
18952
23628
7045
24384
1734
13208
27937
6399
13494
17840
14638
10264
22359
10333
1376
1737
13582
19342
25740
10824
28033
27310
31712
20645
16701
18316
29481
18553
9759
27478
2341
1437
1687
19750
32554
12643
29058
8843
27266
10818
26673
31475
27834
23676
27592
17865
6086
25087
23990
26604
18893
28057
4714
533
15255
21240
14988
18424
30305
25086
10721
29989
26267
27518
7675
27820
10815
16675
32180
20222
4713
21072
11442
3920
21075
20384
9632
17601
684
808
27533
10165
29601
30422
27136
9756
9428
6588
2334
7687
3630
4453
8517
14706
9521
24946
15597
28272
733
6975
1056
3285
30769
24630
1223
19940
28790
4252
6212
16392
26741
29282
11314
4765
6871
16469
4634
31936
17768
15430
17496
32150
11586
26549
16245
9757
20537
29225
28553
4054
14956
18744
1458
5010
22730
30107
8256
29568
3844
24196
25442
19458
14605
6759
2282
31028
22973
12340
9891
9419
12488
11159
29376
9804
20900
8991
19612
11302
31330
14541
21523
25391
23782
15952
8885
10080
11898
1313
20620
15894
20808
1105
30604
4157
13061
16883
24240
10862
18175
19763
22881
646
14178
2817
10741
11512
21444
9512
149
16985
25258
14242
6945
15901
32574
25864
7439
27728
1028
11799
6388
23273
6995
30299
751
15983
3188
12015
31281
20149
20571
11023
7701
2392
30018
29794
26513
31717
4298
18573
12262
18251
4041
31485
2449
19152
16824
19629
29348
31495
10006
7682
7157
7919
7320
31266
20765
29185
12627
17853
5467
16322
23051
15377
13103
2459
14245
13988
29011
4649
26253
28898
6371
1619
19768
14805
22827
17759
1461
24884
10614
8771
29684
16397
21316
17686
21561
2875
30204
9641
4880
12207
9294
12876
10841
14758
19008
22537
17555
7460
25747
30175
12037
5778
3255
32274
31074
17920
13694
4370
29509
25270
11678
27277
30823
18719
8489
9398
20891
18084
16820
9602
11097
29419
23369
20646
21163
30208
5423
23021
27835
2344
16601
8301
25266
14910
25530
22035
6255
23621
29628
17183
26209
29028
4309
18905
27707
10815
20067
18655
16302
25947
16049
2767
9328
20612
10388
19906
11538
9909
17740
1848
11152
6174
28803
20861
31776
9055
14845
20983
14768
4372
22709
29261
22429
12086
11560
23645
28042
2996
5037
24590
25663
27414
12999
18547
2555
15812
7177
13668
22415
31031
7431
20187
16861
15121
3011
22356
28444
17853
1238
5796
8536
13478
85
5
18838
19332
30442
6116
2783
21859
29948
29038
29950
20847
3309
19119
24697
13016
4759
396
16485
24305
21829
14101
31884
21503
8532
8485
4515
6634
29782
19929
28455
6931
3435
31655
11376
2042
20330
22988
8258
27260
8356
8171
935
31356
29004
27410
28465
619
32126
2255
30887
17515
20132
4566
32032
23756
31932
22985
21351
13322
376
31673
12800
18185
20889
14182
6162
26189
28626
18876
5801
26689
4512
22525
9755
16629
17736
32723
3594
28870
32762
4813
1011
27374
18122
7745
21220
30546
17902
5719
20954
22975
9207
13567
25286
20132
10624
5347
20772
6813
23892
29671
22756
5040
10036
23141
21006
9536
16259
27867
21954
14796
15297
773
28147
2787
17730
7953
10281
10228
5011
7251
9034
28624
28957
18189
14223
6394
29523
27994
21577
3120
11888
18611
32318
10192
31673
18826
9777
3137
10975
20310
22388
9206
28191
19815
9616
9372
13562
16070
27799
23897
11930
3499
25078
3846
24214
22898
30599
24157
23025
1016
5822
14593
10105
12332
18892
2933
25604
20633
29100
1319
22373
24325
19173
4410
8789
12031
4518
21552
10101
12222
6266
563
26668
17566
26554
26038
9400
27684
18713
6236
21705
416
17757
26728
9872
29799
21234
6421
28577
18473
5417
16333
26383
9013
32022
15643
24773
18918
9158
14454
21564
16527
30117
20826
3803
29699
32478
23059
7828
16263
21880
15771
16258
3609
16731
24383
24603
18698
16697
4417
23839
19519
23354
27873
18294
6855
3269
30719
17774
17526
8605
29777
9625
28049
27119
26036
12280
21030
25991
11535
25295
6402
22284
27800
733
6264
487
9682
6058
10569
13946
1957
951
2695
13657
9240
14275
31614
13358
25866
9557
2066
25524
32643
1803
31042
24237
18709
12855
22842
8795
3119
53
16176
2210
32224
11694
8682
10829
17224
27646
11363
6975
25350
9912
6734
6533
6921
28943
7937
12004
5261
20932
19871
8526
8665
22133
16925
983
11104
19017
6181
19737
9582
29167
1030
19851
2120
13414
18185
15920
24793
18983
32580
31968
749
20990
4316
2967
2551
18397
9695
24796
4240
7768
13438
26521
32337
31759
22944
11298
10757
20845
26040
7099
13190
23847
12036
28751
4754
12952
8689
1147
16081
10201
11192
23732
22803
11603
11525
22309
26603
12226
8794
22030
16016
3790
12001
14369
3808
8394
18165
13882
21226
6406
2248
12848
7637
15057
12423
10662
30129
24935
20082
23705
18418
27607
1790
15816
19853
9358
5662
7524
14673
29913
32553
29732
6310
19100
26137
2369
17209
27554
25431
8437
14980
24975
4797
28449
4311
12497
27052
15319
16631
16942
32719
7394
30174
29039
24880
16599
309
18010
26605
9932
8062
15555
19356
5985
6276
16876
7084
21351
14343
1901
9771
21389
3265
31814
28133
25726
3805
22613
14691
17428
12465
28606
22235
20423
12014
6908
17255
13408
4757
3352
20638
29159
31597
27436
20463
28204
8966
2937
29253
7748
10285
12438
31597
14969
1522
28298
14946
4691
13462
6864
32261
2101
26339
29060
4553
10297
25150
5218
18535
31238
24409
22796
10986
7329
12134
26337
17294
19727
14747
5640
4209
9927
21487
29059
28665
29947
2881
23504
22000
2647
32411
376
2673
11090
5740
16422
14659
25995
3928
25906
27419
16028
12370
31500
23696
10972
4136
15912
17656
7685
5703
8077
3384
5107
27759
10398
21588
28376
11674
29015
9342
20816
28369
25597
5268
8608
11065
23795
25786
2818
16459
12482
4650
8878
21247
28517
25286
24907
5348
8764
10597
24103
3025
24088
3896
20152
15857
11940
20173
12218
4102
4774
3227
7852
25688
2384
8550
13809
6182
7237
8191
13144
32308
10867
9339
17484
31097
32702
9009
9258
17951
16081
12945
30390
14968
23297
16262
14221
3449
11246
17169
13666
17302
25014
9039
10564
17415
14351
7396
30561
11617
30361
23361
7321
1021
27329
9549
1441
14473
16590
12127
1750
2183
27633
11534
31863
9664
1322
4945
17085
10508
30700
15597
8652
3156
27963
15832
19964
6404
25433
3612
26691
16977
21783
6108
30294
11886
30314
19788
21151
29602
19871
6874
29426
2161
29240
30915
26339
17004
30872
18837
26
12115
31168
17270
11506
312
7416
30851
5403
20175
12995
17398
27298
14845
8514
2734
19748
4050
24573
29126
1953
31138
10824
2856
7223
4250
7055
29070
17430
12232
9272
25957
26660
11450
8160
26043
29577
13251
32173
7779
4210
18086
26002
32157
24446
31755
23342
17558
3607
8340
3702
29395
11544
5336
5112
16057
30094
24682
1738
30355
18226
20985
13923
14128
13799
27093
13734
17450
9124
2821
31299
30289
31402
20407
838
7689
2857
17278
2251
23657
8702
22003
21896
21860
22393
20617
32258
14680
16831
29459
26345
30974
4374
17697
11775
19795
17409
9295
29271
17748
9785
2720
16294
19546
25886
19893
11144
9312
15210
12714
19645
4697
11442
4957
23380
1494
17489
19026
23291
10490
27788
2103
24121
6367
28421
18106
4323
14855
23216
1109
8190
1711
20865
5884
9378
5630
3001
19918
14722
6909
4405
26792
8354
32748
4207
7566
28592
19038
29394
17146
16269
20966
4594
13687
20500
21755
15262
12034
18239
14199
5710
3046
20897
9227
30171
3124
20477
3890
12877
2835
15601
10446
891
15553
16017
10478
24255
28498
8290
9599
25919
9837
24927
18562
30299
24339
3036
6710
32283
18067
31812
21815
12251
26875
24274
15048
13114
13256
15048
15464
31076
19071
13
24907
11238
5384
18194
3097
20470
11527
17877
13831
6723
17087
4075
9479
2468
4220
29438
10953
13130
28486
25715
17048
5622
21069
22529
26400
1795
25492
11492
14302
25894
17733
23040
30235
1418
18376
8245
5068
20780
14227
21656
26276
19671
19434
4677
32347
9949
2207
13067
16590
19286
2042
17852
17051
2693
14321
19413
7464
12759
13378
5396
31599
23088
12422
17410
31587
9482
16772
20537
24381
21256
24956
12781
23919
25602
21897
21451
23818
21035
2691
13753
4158
27772
30060
17297
28803
22338
24868
10439
24132
29897
28658
5160
20731
10472
14754
23734
23282
29915
842
2750
24790
7931
4339
22747
15559
23026
18860
18906
15194
6048
10510
24796
14874
6172
2411
26862
3762
22084
10195
3688
32609
26466
30845
25483
23550
6264
1543
27412
393
19174
27142
16865
23321
31728
2625
13521
10279
13172
16122
4022
12885
27484
29523
22597
18915
4483
17348
466
6853
9966
30719
15105
20351
22217
24144
25726
4841
7677
27835
30705
9595
22514
25750
30002
13219
9988
8470
12148
2495
26483
21899
13380
2587
30987
233
31791
10959
11081
31042
4271
22094
22898
19477
30912
3272
12281
2051
6077
32224
445
16103
15028
9708
17747
30180
21228
1693
21134
27404
8659
17415
13740
25270
10655
12821
11214
30578
3804
9717
2316
30089
5195
22035
10350
32268
21441
25921
16197
236
9598
323
5612
18728
32442
2966
17078
26369
3661
26457
17265
17890
10313
28754
11491
75
23967
11007
2853
21634
9254
24926
7584
6113
17883
21510
1234
32745
23346
26505
803
31951
8085
2757
10671
15462
28585
19105
19013
13504
23208
22437
14352
21740
27563
11803
7485
12599
20011
7751
24170
11121
13686
23359
15203
8581
22006
5763
31952
24151
17431
23995
17258
4635
23567
25700
8193
19339
12798
22697
17725
10721
6528
14401
16794
3479
16542
18936
26380
21676
31555
2743
10386
16015
22380
9818
26157
21091
7191
12968
18417
20050
9624
18739
15720
9796
17706
1966
22901
14558
8757
611
19305
6192
4273
27041
29785
13902
31098
29993
31150
17627
12728
22001
26878
2423
28480
23658
25733
3145
13685
20394
24760
23224
7123
27978
19266
27991
5799
12666
17764
15530
24462
32570
18411
17046
17257
17518
17766
21589
14290
28971
24025
31038
23871
1392
32160
14922
192
23434
27935
8835
29867
2639
1999
26247
16500
15115
22951
7493
20098
18196
7074
20383
32557
27976
12366
3778
5510
7167
7763
24341
2407
29983
23298
31518
31434
9432
4794
5999
6693
32015
1018
7292
17344
4998
30175
6532
14898
17036
4671
1115
4916
16749
30949
14569
23553
23504
17078
19908
13492
19600
6972
2416
9663
23905
12803
5480
31064
4967
31124
32152
11200
31299
792
19375
20088
21278
4850
22697
17508
10135
15346
11101
28081
9981
26187
20187
15692
25582
9412
22816
32185
10154
18395
7623
11409
4797
20206
32142
6681
31972
6469
9288
10318
18712
30212
4994
19511
20952
31342
23708
2583
4224
28747
26068
31524
453
16826
18661
14739
8700
15173
27495
30755
23824
25213
956
20254
25059
16255
13657
2424
22524
32694
10543
31696
7613
26389
8855
488
21516
32640
23925
27392
19788
29513
31328
20616
13586
27503
21894
28710
22455
20372
1645
26030
6046
9431
21709
5725
15114
17010
795
8534
15281
4262
6997
5176
8970
26111
645
31425
13731
3070
27700
19046
28846
28323
20502
24653
26889
21831
13318
31829
15898
23884
12795
2315
15265
28828
13698
31532
14421
5128
15437
2526
20875
7846
14395
11361
9228
20262
27775
8549
11694
4373
7620
27690
19798
25940
8540
10812
574
21866
16035
19965
21279
11878
15916
29431
20190
31276
29991
3758
19404
30053
28668
11577
12660
29247
4751
3222
24369
13443
6601
27987
31389
26862
32345
3565
19263
13142
25120
20078
7216
12595
9196
30729
22174
15754
16007
13201
12710
11051
7370
11193
3935
20125
11799
31395
32183
10800
26074
29098
4126
12651
28959
13353
124
23082
7823
23945
26778
217
19408
26716
32693
26978
23598
32642
24719
30251
5282
17241
4551
12450
1621
16616
27204
8718
27366
19775
26971
5811
19719
3038
20975
20347
9851
952
18966
27255
21681
16163
12523
8953
17533
28299
770
12115
9355
13984
17816
5479
14562
7244
25224
22276
29529
26456
29206
11868
19874
29500
10595
10708
7803
23995
13958
8196
2579
31363
17553
19184
30355
23060
32642
27185
17284
18048
32392
5344
14862
11023
3686
19197
13224
27005
8928
23722
18140
19068
20656
2303
20686
15031
21310
9468
15225
2723
23256
14111
5456
22463
20988
14461
20188
3603
6511
25126
16090
4444
28342
31358
26550
24070
5681
30250
19682
8638
21734
750
4222
25373
10047
8506
29798
5226
28518
16354
17689
29487
16514
12265
29398
21436
26746
10595
21175
2769
17010
22601
22206
3829
4266
2555
24496
11521
23742
16214
16750
20406
21000
7589
26095
21716
27184
11313
22720
23547
16213
31734
28565
22236
7239
32334
16385
13979
3726
17220
18689
25435
42
30077
6764
26768
28424
9952
19021
12733
7106
5586
4880
7800
30746
2329
29064
12392
32290
8948
30292
6496
754
26908
23475
28437
400
9837
19012
16903
4335
17001
9291
22682
27987
28108
10483
1291
16874
31527
22744
620
8327
11137
23840
29674
2719
26180
8811
21651
252
23465
28500
31304
11879
1867
3421
24898
24409
21675
12570
15493
20007
2560
14981
31785
4337
31704
19196
503
9396
24159
24907
7638
25178
4041
741
5602
26925
5907
6490
30196
7775
29678
7919
26698
27528
14988
30561
15624
26538
25535
8381
30177
13579
7288
8801
13439
9133
14402
12320
13345
30435
17355
31091
32460
9876
28515
23948
9390
22944
15372
17792
29998
17521
5200
4302
30716
25416
4661
28585
18309
5093
8441
19647
14498
18669
19330
31660
4747
229
20007
26964
2921
12819
11174
22890
26019
18386
24782
4142
28898
17886
31607
17257
12585
13527
19349
9857
3484
1745
1442
25089
25431
5361
25983
1047
3169
28114
30641
4202
17110
32323
26245
25989
3884
20555
8616
21868
17536
24276
22196
28256
3478
31992
3084
9465
30651
8421
6809
15995
3675
5089
11722
21954
16216
25937
26551
13263
565
30084
23879
6150
18885
17940
22029
9311
30430
10141
18748
12583
11445
17230
27092
25033
23431
763
23974
26645
17600
18718
25694
1562
15866
27108
2171
31909
15832
21998
9506
23801
6743
21586
28326
23874
19123
24412
15644
3165
18865
6576
1974
18258
23996
3690
3689
12401
78
15321
20530
17266
30680
3415
29980
7627
3422
7407
14776
2310
5635
13669
305
17233
14036
21525
25827
6104
7179
20350
24490
14643
20
19723
11446
6345
26696
26558
28579
17003
9832
2726
12601
8331
6365
29375
25028
8824
2290
26268
8879
5804
5525
6568
25790
10468
16161
16926
26190
10473
25660
12083
27094
321
31210
10595
10775
31592
6949
16698
29513
28964
12350
24772
30137
22456
31073
4001
6700
21447
21779
27177
11355
15922
18289
24865
26284
23316
10288
29744
3670
21718
28202
8683
29299
24432
25670
28528
18892
32612
13392
11913
14655
28144
10465
2947
21613
307
29239
2773
25155
22286
29072
14012
31208
748
2923
9652
22793
5769
3590
20355
15188
3608
26387
9686
2883
3389
15092
3113
31871
31118
5309
14990
19138
12023
27553
7528
15497
29295
30730
4351
3554
29487
5132
15210
20373
27657
17717
15622
23333
23286
32310
4903
2899
12433
7412
22891
435
6476
25316
27326
24830
1001
25505
29002
27361
990
8214
6299
3525
15965
20032
23838
414
26384
1053
13654
23391
24090
11429
16886
11439
10333
30195
12160
3032
12394
5572
11759
12072
10381
26317
11779
18930
17919
1094
5102
32396
14929
12155
16114
14761
7610
23247
2820
21184
17952
28246
20544
18175
19940
15052
12694
29532
22786
13423
26611
2329
157
30888
4416
5509
26238
2186
12248
15965
28914
17654
13205
4997
13940
2232
3412
7033
25553
19785
30918
9875
13311
25432
24126
17840
14057
32294
31768
13032
14085
23997
25681
7040
774
10941
6312
30764
16668
7471
13514
31502
25195
639
27609
30811
9791
29627
4408
3715
21337
542
8003
5725
24755
9426
24234
27401
8268
7989
23421
1324
12590
25303
20636
28157
2239
23870
18845
2323
23854
8342
32336
15916
31239
27067
7090
30803
19364
1163
17520
6300
23386
1199
6510
16744
18778
14500
8563
1904
25759
7288
16931
5178
31700
21257
3192
13548
7967
17733
21131
24753
10396
12098
10889
7290
14222
31629
32062
31063
26570
1888
14309
20721
10984
32084
11887
6586
14498
16014
25533
6039
24250
8774
23793
25230
26304
20825
15252
9881
9055
18903
27238
20909
29354
4465
8691
800
12006
5916
14175
20501
9741
22525
24588
21402
24677
10560
12016
15741
1980
22351
17530
15482
10263
9153
22387
19106
25142
1105
30141
31596
1383
18646
5257
17959
24026
19989
30371
25179
32061
18948
3187
583
8621
7892
30219
20922
15480
30084
15884
7670
2267
6957
19272
26005
7165
11279
4853
15191
29655
22334
26875
29794
30856
18362
10069
26437
25801
20669
26998
17525
31437
19945
3969
29992
9626
14413
22221
23173
4366
20004
12040
30390
24860
12666
23094
15954
103
1210
4224
19232
11436
24175
23527
8214
17262
31242
11400
17318
30428
28213
26916
15145
9836
1018
9781
27540
25919
6655
20966
512
32565
5469
8095
15571
20703
27576
9875
5635
14927
6624
25232
3515
28842
25657
30806
1656
18674
13633
17189
24180
15955
30327
13860
32576
26155
20701
5658
5283
27915
154
6051
32285
11306
11451
11700
17773
9125
20015
9857
24576
17444
19677
26251
15797
19946
32528
11730
25207
3096
7733
21596
5336
719
27954
4339
22955
4980
16339
17721
21339
1297
11068
28836
21827
16051
6834
10494
24008
5006
1027
29425
13589
7811
24831
4927
11757
22654
27893
20680
2552
11509
5527
5131
29169
12363
7814
7298
8585
26457
11941
22608
6312
27594
18680
6246
1250
13944
7025
16416
12969
5157
18347
14253
20603
18046
10004
5809
20321
3184
19601
29058
16471
9571
1797
29606
19308
18726
577
32577
17612
22650
21345
8280
1479
29145
626
17905
22398
14431
31566
20084
8686
9581
9399
7545
9935
25270
7978
13102
10940
17796
3004
26232
621
30419
21714
11404
10524
10376
1247
30388
15131
32656
27382
21502
2579
28582
8895
18250
25657
29772
26926
23751
19574
30797
3717
27855
13823
5870
8096
29535
28323
18067
26249
11405
25664
25608
31256
26101
29766
15437
5295
3723
698
13175
22941
26931
21403
29744
32204
3455
18756
13434
14411
31077
4058
16155
2365
4923
5666
10442
1322
3536
23634
8829
21444
30147
2730
19207
16113
24556
15460
27902
19110
31315
27552
24458
31530
7226
20413
16179
20546
16989
27179
15622
28111
17128
13906
23557
19911
884
24952
10026
21755
12965
6006
19653
9965
5837
28689
8490
22620
15166
1673
19556
23143
14299
13898
20324
26023
17766
17104
7694
20115
10431
14631
25861
12231
22090
19633
1022
13577
26817
5853
11435
6453
6348
13491
29012
22013
27204
21346
620
3957
22050
22991
19334
21749
9716
17516
14687
14364
22275
7449
2016
1674
28806
367
19960
560
15367
7015
11383
26693
3197
3841
15442
24780
1550
10491
30422
27057
1546
2376
27987
1456
7638
23433
13215
12950
14181
30767
26866
6572
9297
21729
4083
21644
24399
20113
9762
9392
14945
21357
13638
8602
8521
22112
26032
1621
19041
21349
8847
27224
14761
9869
1023
31016
17024
3150
543
29552
20885
16143
11960
16603
28896
5774
27906
19505
20021
4793
24014
16154
25587
5971
25795
29560
29851
7472
22072
8055
18445
23453
24658
12758
4279
30831
18884
28856
23985
13810
23818
26590
23487
27964
10595
23494
14719
23017
26353
31426
30992
16633
12214
30987
27682
11479
1889
3271
7332
1342
25584
10784
8839
22083
24011
19712
16956
707
31956
29910
5524
25148
23659
31661
19397
7690
10492
21964
31141
21420
26600
17182
9192
27115
22805
10030
19932
16784
456
5894
15197
5879
19429
23936
13438
20683
30268
28864
29684
16284
12428
26430
15597
2355
30240
14859
13496
14556
7035
16434
7516
10903
8672
140
28788
29770
12302
2220
24780
7539
28149
2237
25066
22772
32390
12875
7027
15842
23886
18360
9401
9980
7611
6637
7530
9600
13876
8634
16175
15060
14529
16105
29793
9802
31642
29110
30284
8553
5780
22811
4453
3963
32616
16976
14032
6346
7944
24419
31779
4081
20574
28167
16841
8114
25582
21866
9923
30548
26835
8886
3594
28894
16250
30454
19747
14689
11605
23121
4578
15248
11211
19898
32244
21065
18524
16151
3053
12242
1820
19256
32241
28478
31868
28124
2816
17684
11944
14512
25013
26574
3582
10844
2582
12602
31980
31175
1351
6085
13110
12821
685
25586
16226
28640
27673
25160
25849
18362
15769
3361
11798
21998
1408
22406
15694
22876
26360
17373
7993
31106
1704
1238
8671
21875
32485
391
25825
29112
29920
10605
13764
1887
11202
1706
5791
14181
29088
16727
16283
1398
3383
12447
20066
17643
19036
30436
3769
10410
16078
1246
6413
25663
32396
12671
14542
29430
31240
9249
6938
31205
19673
22989
24917
21567
4337
20335
3967
25055
31145
18591
21053
19796
21590
28697
9255
12235
17552
32558
16799
26439
1265
27527
31391
27811
17143
1694
7799
12298
25190
21709
30221
27572
7375
23689
12647
5136
24675
3636
4315
22579
10514
25035
90
10820
24317
29337
10780
19105
5766
22811
5234
21414
26659
3530
23083
30290
16164
29107
14004
8665
12835
15809
26327
17029
18723
19804
31218
12230
10473
26404
11616
3431
30467
3556
5924
31012
12690
29125
28107
19356
8817
16393
5026
5646
30627
31657
15651
21087
25047
1439
7121
24075
15515
27092
31457
28448
22683
12324
5413
22403
2815
791
3340
15595
30730
31647
15947
17993
30761
26530
22596
1738
19799
10791
5562
30370
6517
27592
13873
21906
431
12588
24808
8450
18342
30660
2897
1177
1798
7279
24762
25407
19063
457
26341
31839
19390
25164
8596
852
16333
26463
6006
31801
3853
14635
22073
29830
18613
30122
6352
6169
5703
17901
21570
20242
14433
31666
29178
29818
8822
10954
22822
22358
3600
29778
14597
3625
16502
3385
21822
26951
29301
5936
31806
696
601
9601
25510
15572
17336
4024
14062
18841
2891
32670
8097
7589
16251
19161
30124
1964
13860
31792
22518
24454
2595
16114
16176
6203
29335
12325
32403
32230
16424
9219
19383
5852
239
1518
32735
16346
15217
7453
4736
16092
446
1215
8953
3255
20604
14837
15803
76
3048
12509
1735
9709
4220
22122
22699
24133
1301
15343
27316
1170
10206
1323
31196
4063
11412
24259
4218
19112
23736
15806
9868
18946
20270
26026
7076
23577
375
11982
1664
30603
30769
3181
23615
24925
10469
28748
12818
29769
28445
32738
29020
25448
22613
26872
1660
20015
30135
32482
10118
26140
18659
12736
19102
31452
9906
5240
30370
5836
15652
17551
16180
32223
27150
26430
6331
11419
12823
16610
15271
357
13062
24955
29217
295
18598
14808
14374
24543
22925
30814
25778
2595
9330
30296
5299
7317
2766
28230
16789
16150
27968
5255
13046
29033
17040
15170
9117
10000
10250
16529
32666
27391
9194
2446
29498
25959
26216
20819
8358
31939
31154
15013
18985
23070
199
3733
5321
8510
9181
16615
4055
249
3956
18000
19281
27079
3915
12093
31131
18569
15912
29826
16116
5905
31036
3451
2720
12991
17083
11437
21366
27225
10119
18892
9481
30838
7652
7404
19262
23292
25932
44
18738
32043
5741
27455
6652
30614
8144
14325
15104
11421
4510
9590
6932
19472
13715
20145
27231
5049
28716
3047
9151
22844
13114
18480
20345
21009
24060
32280
24940
31616
15057
2408
12456
8678
3190
14875
23275
10770
4545
16125
30180
22913
16974
15831
2785
20006
17407
19547
8850
21665
6324
23523
17615
7220
16530
13780
3536
31204
8682
4048
8910
12195
8563
8153
27389
9886
32303
18498
4160
30731
10325
4905
31793
31221
24386
1869
22980
504
236
14692
263
8880
21509
13475
23421
2048
14821
10971
15787
26072
24648
14461
21380
11995
16274
3734
8532
20938
15770
21014
16404
8273
10077
21333
3166
30153
3260
17685
31458
17950
1282
28687
31677
19408
27681
7782
22196
17626
28338
4447
1513
2846
2527
8442
8692
21368
3002
32578
17993
5124
15758
26436
24158
8611
30390
11121
3866
12912
27768
15258
2608
21841
23948
11952
20682
6903
32740
23836
23528
2862
10189
14063
13860
30949
10567
2346
16260
9367
25389
18142
15300
17329
21408
13509
5885
29433
31228
14752
28927
32057
22776
6934
24706
31164
23679
17199
21917
22495
8465
26566
6461
2062
21915
25485
24512
22896
1216
26055
7303
6296
12172
6442
5619
14792
6253
21331
1010
16346
1099
30824
10353
11229
21117
3765
13764
30074
22360
22092
10139
20041
20307
4996
30687
25263
22415
28910
9101
146
633
30921
2637
18882
32046
2761
6319
7576
5495
16283
1857
26836
13913
16824
8432
31319
7628
20991
20213
15085
8970
32436
28609
30863
6224
21841
19589
24527
11898
32540
2856
9734
4841
3363
32415
12737
13817
30927
7715
15860
28255
16429
30143
23438
30622
15669
2021
762
30559
6540
16402
25189
27770
31838
12124
25437
30839
20748
2345
26804
7246
576
30580
28119
17228
25129
32634
11570
13496
21724
27112
13955
31431
23258
12873
31075
27074
30223
32000
10955
31564
17775
6032
12270
13600
32485
5258
7988
17099
20773
23364
1522
30060
16886
13715
23370
30104
29196
13165
21005
22643
9280
4064
23470
12585
5890
12948
12266
16560
8025
14399
25461
6057
23482
20922
11144
28743
23264
12374
1335
1651
5169
17988
22120
18242
29327
5622
30898
4468
29191
24195
4845
13089
16891
20913
30622
22209
13331
23415
31772
9729
5857
14859
18895
23241
31901
15163
18941
2637
22772
4691
3466
32704
8017
11161
2283
2513
12676
27736
15497
25063
1250
20400
17913
3584
14883
1305
20921
24121
12096
5192
8659
15026
13366
26831
30032
23920
5745
26433
27819
298
9035
11908
27324
29235
11331
3163
18233
