4351
32698
17498
31609
21467
22486
12734
29306
15598
20068
12105
28464
27365
6884
30954
30153
3088
484
14341
28713
15951
16906
10016
23473
22226
6199
19020
31808
20484
28465
2178
19616
12897
2515
7423
21865
4049
26088
5499
31871
347
6020
27685
5745
31452
14356
15469
14246
7095
17105
22822
25064
31624
9847
21725
11067
24313
15436
12045
2584
27491
16763
10905
17583
25843
12017
21143
25310
24662
17739
22334
15385
7442
9489
9259
4537
3981
29698
13706
8819
22444
25077
20929
29092
28747
29220
22708
5205
25633
26594
22190
16085
12756
2334
8158
11504
30017
13902
17823
28237
1348
16838
22688
8164
18209
21033
2971
11280
26223
16629
16269
32673
10291
25501
5555
11705
2516
25094
508
19565
5446
14051
30062
17229
32745
13275
10484
13222
25703
15641
18248
28953
14891
29572
6325
14866
30513
22908
1243
32755
11038
26373
1718
16247
16051
30687
22024
20475
3219
14544
7202
89
28319
12348
13802
22154
7209
95
26241
19368
12563
86
17843
6944
24267
5687
30897
21855
1427
2123
2125
7115
21536
6043
23003
18190
4426
18382
16125
32153
24608
4763
11051
6426
9257
16138
25614
25449
6170
28114
3521
32275
7149
27468
30599
30516
5968
8682
13359
13402
13154
27774
891
7992
16113
18470
26772
27066
29434
10603
16430
9292
4743
5185
16094
7289
27449
1601
11931
23764
422
26395
23954
16340
10082
8187
8895
23340
17859
5342
3589
2915
16360
22327
7220
17208
6765
30421
20422
29541
1691
21557
9518
10519
18901
26717
20925
1906
31889
15713
15242
27331
16505
23633
22402
18911
28969
31311
2932
8928
21236
5348
7626
18308
11769
19760
10293
12387
27230
22358
21199
14699
12801
31304
10535
21871
32011
31932
16771
3158
26961
17787
13700
11556
17131
23226
1409
25399
12890
28070
25980
12815
9132
29915
23736
24495
6423
24684
1999
17910
6883
23994
32264
31647
8198
4418
10615
22803
4178
6594
4952
14153
7498
5930
22401
22163
26392
2366
21950
16149
32061
21535
21491
9747
24566
6502
4115
2735
26970
20393
28265
27935
12560
16313
8122
31267
8032
29024
25700
6895
294
906
30244
24205
12901
5028
12583
8936
18354
32253
10848
3945
23810
14651
26239
9866
17561
19654
2552
10461
18800
32690
12684
31378
11543
31174
24311
17138
8996
10386
11073
22503
8973
22706
5029
14352
24638
15769
6932
29236
23587
9418
30631
8737
24490
10380
1748
29747
27270
13289
13083
21191
2208
17592
3144
32036
18610
20460
13053
1419
31732
24236
2616
4359
31192
1812
29016
28664
11465
31088
25407
16655
24333
29960
25829
12276
17113
15281
26459
7403
3493
23439
4303
17105
25557
20166
16248
26350
20499
17612
15493
18457
2089
18960
29118
2857
18947
8131
31359
20292
14858
28624
28853
13560
5554
29507
21725
12937
21379
27324
30377
31196
1685
15297
8408
19903
22934
3174
6245
16704
25667
9066
6422
4867
11367
12769
18431
20028
22759
17892
9841
27059
32627
6205
23198
17142
18243
4279
3824
14456
26168
27805
16537
13960
20373
24044
18608
8669
23188
20269
16645
14160
30186
4291
6795
9988
32599
12740
24748
23588
28546
17996
10944
23226
7484
29665
22396
9118
1595
17505
25088
7146
8396
20390
11804
23828
20646
18345
23468
10807
16828
11004
12024
20560
18569
11189
32249
7923
27682
12276
28741
17078
23212
28886
10024
17818
5940
30381
24847
17236
28296
21688
13938
2344
15624
22929
21233
20384
11063
25594
26535
6872
24477
17707
16594
11510
21648
24690
32648
19111
17032
7082
17486
30224
20177
13765
16932
28661
28924
14027
22610
29799
11004
13654
9405
30385
4776
21444
9486
23567
6625
14652
20485
3181
24044
14049
5911
26969
3685
18688
14175
23041
10178
23388
4541
8041
24995
11345
6573
19352
4202
21420
28624
498
25708
28517
29272
32403
836
4887
1935
19015
6969
31840
2108
22193
16046
20127
21237
21563
31865
7091
14125
28742
14633
28442
13449
18224
15554
4405
17354
13148
6958
29040
10847
24137
8029
10411
1865
30426
32650
18968
7571
9922
5532
14393
23842
8126
31803
8069
25367
929
25008
32665
15120
19400
20539
28421
15669
8515
22662
20151
22268
22930
1123
2104
16552
27338
4426
19570
25400
30968
7157
30252
18225
3499
25686
32554
9148
5186
4094
29146
8043
20291
25869
19733
19393
29903
26063
1966
17659
17984
6005
9589
24946
7382
14561
15489
23981
14159
13093
191
11699
26701
17226
17697
6047
23187
2831
10911
17597
2890
18255
20957
13501
7559
8883
14497
23891
3804
13059
17505
15663
6696
24924
7533
5382
32016
24262
9224
18785
11990
26614
25695
12795
3355
27905
28159
8005
10926
10473
30226
8766
20447
26763
11153
22042
29858
15451
13280
25622
25286
18776
28964
9104
24597
15320
3012
5918
17587
23387
19167
4284
15948
32022
23378
6514
4753
2777
25117
29657
15207
27417
18801
10590
3146
20571
9190
95
201
15891
22578
22572
22708
19863
31329
6206
9310
10980
7227
31238
14441
7093
7314
28475
10030
16942
1464
5475
7754
15183
18128
4810
17223
5655
32159
1851
17197
16773
14919
4048
18407
7093
10695
2070
6771
11809
1571
30310
15495
20177
13010
4520
20218
5179
14043
28023
11895
2596
29123
20199
16832
15221
15122
15553
9002
7704
29892
31260
30736
28946
30558
20799
9399
32014
19950
20556
28395
17015
19518
4334
11487
2935
13833
13684
27179
15678
17469
8017
13438
28251
11166
9264
24706
12864
13990
32739
13633
24583
27552
27288
11474
18666
12076
1555
20404
19947
13852
27305
8496
2773
21778
19350
2501
30234
15513
25175
19847
130
23610
4587
5053
31011
10217
28330
26950
6666
12875
24042
21079
30029
16951
17255
16961
15391
8468
25191
27760
13921
19445
20194
27300
16679
4175
29070
14102
9040
1215
14114
18363
22843
23069
16006
32567
31457
29225
8248
28187
28675
31733
17440
18656
2033
24380
1877
32017
10429
12258
22683
26161
22320
20830
30465
2580
22994
29796
3939
14459
21166
18160
19902
1238
4310
24115
5480
6809
17972
8798
28585
18031
10006
21961
16566
28090
25561
16366
23564
14056
30491
4171
24140
21652
27718
9230
14554
30337
6582
12022
17555
16127
23287
11007
2379
14642
5511
23482
4746
10847
18358
14273
609
24646
20222
13369
18664
1679
12982
21905
12139
7796
30697
32498
21256
18657
22624
10081
28686
12194
26151
8652
1495
28937
14008
30552
15140
18924
13181
26470
23438
21591
7977
21780
6560
51
10907
25472
28470
24421
27086
31485
305
21807
4644
12013
29360
801
30090
18601
30863
11131
12420
19479
3325
26170
11113
6285
514
4124
19064
17514
12523
9228
13501
3831
7792
31570
25912
26592
19917
22730
16400
31188
2120
21093
30405
2123
6560
5347
27894
17644
29863
14885
25288
17244
30259
16216
13744
14795
28931
3957
29540
21540
10167
30041
11861
29310
17281
23560
18651
24164
12786
5390
23426
25998
3820
16395
13113
2055
4971
4675
915
12275
9865
30977
29158
28045
1276
16081
18232
14660
16545
10643
31461
1922
28933
15089
17697
5780
1306
409
26066
32502
19320
22209
9802
20417
2777
26622
25192
11669
6412
27915
5757
5040
6748
12838
25586
12987
13770
26007
18284
13300
29062
8542
11873
5477
18525
925
30657
18207
583
17384
29067
31328
23380
4224
24690
32744
1358
20558
21908
27987
8226
9979
22060
30546
10460
2604
23875
4357
29770
14333
19135
20944
26929
10159
25792
8658
30991
21542
9545
25687
7284
10242
9905
19534
15424
12881
5137
3765
18016
2536
4254
350
21488
12873
23382
2858
966
27805
29999
27674
11308
9148
17044
14164
2607
7457
25438
15146
30974
9710
18952
32600
6424
11533
12662
26137
11752
3219
5662
13385
20066
16938
32229
25225
9365
24266
18739
23343
32657
13020
16970
4571
18618
18821
29970
10362
2160
31544
14354
22674
364
32415
6362
17163
11506
21359
13869
24768
631
717
2816
13232
1
29167
1825
16531
6448
22395
21829
15672
21036
24209
16136
15016
8612
11493
31302
9787
28258
5300
17370
20604
3321
16870
1118
16106
13219
8283
21749
11500
16758
14380
26499
19945
10074
9957
7670
2126
24084
8178
2535
21755
22862
7423
13407
20076
21817
16729
23292
2613
16749
27850
30867
32246
12749
18412
23093
30298
6452
19497
8021
1828
3345
180
13037
30068
8338
25581
31337
4820
7654
4052
20638
13739
8348
2205
9349
7555
11552
17436
4968
17696
29606
10393
1798
21803
13051
15820
7602
9386
18265
11255
3113
23590
19480
21829
21125
17365
5727
25237
22545
32506
21640
21487
5837
7780
18560
28850
14579
6820
8834
1616
4616
2947
26862
30481
11640
11783
27826
22278
21472
12912
24685
16808
15047
4935
13153
22751
6617
30659
17552
21413
13322
7274
30751
29720
28428
15659
25494
17927
7324
29786
357
7616
18240
20074
18791
8365
27970
14622
1859
27540
24140
3934
8930
24105
25749
29619
1300
7446
12796
22316
3210
17657
17754
15700
2197
5443
4272
13231
11010
18562
23663
10946
18367
2991
5430
6599
24196
23595
8476
18880
263
2622
93
29025
6320
299
20618
13079
16510
9308
10186
19895
12241
32134
29575
19549
1506
30240
20900
30016
15833
5806
12011
1047
16898
19723
16725
16528
22395
24494
9419
4485
18754
15623
21731
3389
14221
17177
22693
27278
13673
2982
28429
20355
20629
31043
15839
15579
26557
24919
19864
18602
19807
10775
30330
29970
5761
28946
4468
28795
8173
7420
28432
10635
29765
5128
15534
17540
24401
22672
24896
22130
31798
28557
8620
23116
18142
14222
22136
27661
23126
31421
20080
7356
5957
26214
15207
27389
3427
6770
21118
766
6388
27132
10847
24980
28600
16503
18258
6553
5019
10112
560
16668
12247
25480
2886
9601
22224
2672
31394
14375
2704
1669
10012
23049
13836
377
22408
9921
24914
2866
13731
30200
8196
3586
12271
1382
8057
18695
11059
22719
1720
14587
5082
20240
12838
26985
2179
93
6186
11011
1547
18426
4803
19777
27905
31217
31587
22364
5934
23085
18835
22220
31371
20621
26875
18250
1022
16318
2913
11637
25478
376
2831
11983
20580
972
20708
22025
3255
31826
9284
8519
20145
30205
19589
20686
1919
25589
31681
32002
11733
13806
9000
6811
21521
15277
29413
14879
217
22923
17717
18634
20427
9671
27257
16411
25039
30095
16131
1142
32156
14075
10416
17102
26450
30719
3510
17518
8198
8095
10248
18514
8293
586
19266
31379
25924
30567
10170
10785
6467
14855
11953
843
26863
19564
1063
23300
4381
3681
2384
27216
13813
31563
31700
14585
8958
3166
30101
4399
20991
30696
10830
4997
7579
26196
11027
7626
20302
6455
6226
25478
5769
14995
16424
16351
21542
18436
2211
9935
8322
26530
22681
15090
31260
22409
32208
6008
23711
28423
19372
3839
18640
25938
31969
21846
6622
24141
18602
18885
19072
9178
17237
13446
30935
1900
1276
28119
30807
18390
17764
13727
29633
10909
25978
20767
806
25032
14561
17230
20000
15762
23484
14085
21364
5037
21607
19794
28833
30137
28991
30335
6964
32302
5309
13159
21867
28053
32643
11049
17769
2934
6602
10323
8866
15140
18434
1099
27722
7696
17718
26622
24982
29155
28381
4415
29651
8656
25247
24881
26072
24649
3245
14107
21604
5258
6840
16240
1091
28762
10314
13701
27838
15150
26997
11925
18635
14918
18946
28741
28902
4147
10136
29871
8011
2477
28578
4495
26460
30959
21026
19588
29421
12759
16219
30988
9610
8349
25436
16525
32213
23465
23577
11487
969
6062
23029
9049
26790
6912
21223
29886
1809
30137
24225
14008
1416
14147
7068
8653
12785
27336
31188
145
17683
8378
17743
27097
24233
16831
30225
31799
14731
1269
32157
27143
7224
21558
22958
22621
27176
27333
27474
27305
12889
2093
22039
11468
10275
8376
8310
11899
19481
13890
11276
23056
30430
3195
88
18660
8818
1900
17569
19908
11241
31439
16687
1405
21761
23127
14191
3039
2757
13676
18632
17835
4194
15768
24181
28933
8643
2447
17217
31178
27604
26818
14134
31694
6685
30271
17411
16889
27411
23909
16088
3995
5565
21836
7687
32526
1535
12293
9518
1247
22825
4893
22427
10680
9334
17510
14170
6332
24489
26873
21801
6359
29322
32659
8169
6401
10238
12679
15885
30665
13270
18466
14818
12057
6360
19651
18119
18869
4703
12956
9476
13664
27851
6484
28676
13641
1482
19500
7639
13590
14242
6532
23246
15385
11882
15459
10548
9487
12710
17293
28006
25399
21768
5528
27088
788
18002
13242
7235
10767
23606
2706
12089
21748
29704
15742
20073
2218
24814
20160
20975
16606
26935
17217
5459
13815
4650
11388
4596
24090
1283
15919
11001
24253
1680
22570
28389
14858
5451
3401
28696
21197
10523
19105
15566
593
11478
19410
29991
31986
12233
23034
25151
12229
26502
6646
7848
18086
22264
13876
17421
25148
1034
17984
9623
25057
10812
30934
21594
3636
11246
16311
18176
25684
1223
23010
4026
7021
10301
21579
10473
30264
32709
31614
20128
8370
16926
31715
9871
9822
32304
9731
15908
17325
15193
25228
30231
25046
10988
1607
24250
6810
4805
27302
17784
20922
7802
30795
5656
5453
2741
400
5453
30858
14512
16655
28276
5775
15220
21684
9363
24407
2339
3017
19973
22409
3023
961
1349
4163
13599
13596
28712
29143
3441
6417
16158
730
26723
20246
17956
8231
27041
31765
902
32039
5013
14630
3992
20313
6092
21882
27452
29120
4450
21914
893
6387
14339
22938
4799
18665
30892
32675
13970
21811
9395
26105
29197
26458
29565
16151
13526
3728
15259
30859
4337
23735
5917
10996
6310
17306
26947
12081
23794
21850
12306
7452
15641
25006
29632
21452
10927
19980
925
18246
25703
16326
5158
20205
13967
32417
15431
6682
17582
15021
15468
3298
24144
31955
15194
13067
12401
30107
8172
16216
25151
12579
31563
11052
30179
5928
29552
16326
4764
31758
2729
28792
24208
17678
13670
24864
3626
7092
27136
23262
19458
13098
13820
29111
12366
22727
32485
29974
31367
16866
648
26928
23855
23476
5348
16758
11674
31243
7108
2946
2515
32627
22844
1093
32545
4346
10928
10995
23303
20932
17661
26184
6992
15967
21667
8477
31307
26315
22659
11588
21464
2596
19761
22870
12641
32205
8543
4934
28310
19653
16962
1806
26579
2270
23319
17867
20198
24305
20624
19574
29321
12339
27940
26465
5545
18838
8312
11654
18321
16804
1985
19033
7794
1983
7594
17799
11426
28637
10597
15660
19833
22829
14394
27919
29805
18400
1030
18894
5428
16066
28596
6505
19691
289
15439
27571
24543
13461
21949
30405
1793
1396
14901
891
13100
10808
31289
24631
31165
29766
10197
14744
27200
13866
12095
23168
18325
13448
27664
13201
246
11064
9668
913
18573
24897
29414
25399
26812
12631
27124
6996
17962
3682
17739
30104
26261
18257
15443
2107
5370
15704
4898
24274
19481
1011
1394
7430
11588
21558
24517
5801
13057
16700
32693
21864
10830
6672
14291
13546
7838
8792
28212
16136
17509
30856
19335
16161
10780
11948
15809
25363
2265
8224
17646
9197
10016
15692
31239
28813
19468
11320
20394
19073
32435
13925
24439
237
21405
316
7874
26988
19453
31833
14920
24126
30089
2240
31540
15589
31433
18922
23735
13081
14715
24917
17814
2517
11032
25440
23465
15819
2274
14987
3317
14036
10580
20442
6407
18770
19089
11480
17551
12309
18088
23653
30850
19809
12404
9827
23686
5442
24783
26813
22638
9853
5819
20239
5151
3600
18107
13887
774
8303
30536
8890
30019
3889
24914
31665
19945
13699
23660
15430
17798
30561
14963
3279
3131
7592
1484
19481
2704
6290
7271
14565
30202
28797
22003
29675
28375
31812
25590
15682
18838
20056
8526
8535
27992
21922
1171
22712
11439
9502
24217
6876
2166
6959
24323
30615
27746
12991
13046
26631
21910
7180
647
30802
24904
30526
14051
7375
28889
18930
18542
26271
1056
31691
20078
21650
28090
25251
19720
31060
12439
11393
20467
29714
19405
8383
5658
5690
15428
12935
19785
31264
20130
31530
1196
29704
22984
27693
3118
21661
11919
12801
29675
30311
26806
2946
12116
29557
10355
11566
10858
6014
23953
23246
8123
15582
7873
8764
12678
29545
10430
25022
15057
1012
5141
32566
24490
17575
15648
5594
23604
23697
16980
17381
9695
28731
27520
16775
10278
6165
11582
31553
7766
16605
1971
7947
9101
1370
32136
6667
22157
230
9474
22126
3047
6300
12831
11005
24590
27771
15462
24224
1509
752
32241
2192
23648
17642
30365
25046
25457
17780
24508
23164
13335
23902
27755
28334
26890
8115
24357
5162
32094
19833
17213
5122
11871
27775
18263
15798
14439
2128
30701
29567
21414
30822
11817
14603
6291
29617
8282
3363
9023
13443
11542
6313
6739
20705
26655
26065
32653
2869
25246
11166
5071
32100
16055
1266
23659
7025
17160
23718
21536
6115
30382
12826
30575
10948
14993
9662
28498
12656
28027
23829
9088
21486
18533
29697
3062
25993
9372
16108
4408
32335
9519
20043
16242
23927
17319
14256
15089
18856
15209
28334
6349
27455
8175
4495
25839
11806
18533
24482
17551
2301
18117
24095
1225
14045
30612
15658
12616
32193
7715
13654
16573
17695
2297
12592
21841
27769
4793
12939
20938
22879
10
20833
16147
4853
13718
7222
23888
28677
5291
692
9471
7520
8157
32004
13479
25456
20936
11227
15453
32555
5311
2218
23492
21938
8201
20447
30791
321
22894
18116
1581
30813
18696
21731
7988
9868
26033
21802
31042
405
24318
31082
14537
15638
9506
5806
5799
25956
15990
23585
9490
21497
3988
19905
22629
2322
50
21431
6212
21731
14183
19544
14451
11773
30800
31834
3435
30336
27798
32248
25651
22271
4749
28883
27976
20576
29589
19848
17260
5954
2107
2153
23997
11388
11496
20572
27681
294
29671
20254
24236
28349
21525
14127
29696
15790
5485
25393
21396
20875
2558
4263
25066
30013
31389
29793
6584
5453
1362
28346
1055
7818
9378
12573
31164
19645
18579
24666
18959
11876
26270
7615
6547
512
32545
21098
26169
25663
341
10644
17622
28272
3664
13983
2945
18152
13205
564
21732
22103
28768
26220
27896
12797
2885
32234
9989
18325
3436
15645
26721
27777
18741
29801
11764
308
11430
18097
15418
9295
21869
3211
583
17135
25207
32652
32384
7000
15966
5827
27106
32528
9099
10587
11124
30943
32767
28198
12819
12451
7556
22483
26351
26413
21867
31979
18896
4701
18300
22623
940
15533
10867
4306
27571
22392
2354
21377
25250
6656
13532
27672
23264
15123
4123
4569
29071
26665
30065
28672
10641
7505
27878
9130
1126
22508
24933
16651
29542
11784
15043
29279
31313
5381
5671
4145
15007
11879
8294
18773
32270
31977
11180
23585
15005
20947
30322
26078
30001
7408
25889
32685
26784
3385
13500
22425
417
29546
24226
7653
16863
16078
31743
18355
21419
3289
8702
25531
11963
9344
25948
14445
13923
22538
10958
21593
10121
5467
8648
31500
80
4236
4801
31356
26376
18814
29954
28018
3809
24155
24094
5608
27074
17601
2662
23172
18996
11053
21949
32098
23930
1971
12459
13829
13312
409
5815
27039
21724
18222
17594
4755
4728
15853
16685
32033
13044
15970
8860
15736
14893
30783
29414
3736
13254
3143
12401
1143
15759
4726
12570
14846
125
6459
6560
28305
4465
12060
5500
16683
30342
30427
10205
12106
20056
11356
21247
6664
13584
19314
22570
14398
28942
3132
20030
20579
14832
20117
13204
24328
3552
28195
24724
9075
24785
18349
25890
17311
12054
1123
11705
20389
30131
23028
24208
16786
1976
17009
12588
25715
16615
4449
5937
15929
16206
14800
12014
13994
25694
938
6215
30419
8297
22464
10405
3856
8339
20959
7490
27236
2804
10747
13124
18544
21543
27782
27218
19122
9810
32074
14443
31277
16375
31525
30501
17467
10940
18628
17602
15499
31545
5233
17312
28399
6573
19516
10238
7900
13423
32317
30094
32074
12017
24201
7503
19349
15910
13045
11103
6131
2375
6976
13649
8
13996
27822
16613
5291
29832
13892
22315
23774
30100
26075
7755
24240
11022
12163
19321
32068
13138
20489
11394
19059
28628
1095
27151
2671
12412
9000
22537
22461
30808
25636
8973
26309
17120
6684
23054
30358
853
31561
4156
24921
7843
7793
19210
1370
28202
4938
5877
12999
18815
13219
10961
1631
20516
9091
2017
31508
26264
10943
27448
11881
6884
31501
11756
1467
28077
9745
22847
25752
28033
18534
15781
9985
19165
6507
22231
19836
6209
31358
366
27386
19150
10048
28400
26927
15950
6411
12608
2613
11106
24757
3725
25030
14560
716
20614
17797
10400
15791
14158
28075
6637
11466
4422
14875
20503
13277
1480
15865
23173
24591
31644
31311
29191
19016
28632
23120
17521
30692
8936
21587
13524
97
25600
28048
2770
30778
14006
3441
6810
8916
3960
12610
28928
14135
13685
6675
331
27736
8845
30726
4827
5093
20646
24445
6912
21194
1582
22013
3023
17583
22449
23828
23593
14916
21095
1784
4593
1727
3204
16335
13093
22990
31361
13552
31472
24461
11964
29334
29471
11944
9352
27146
25070
22698
14936
31558
23127
5939
15394
7081
31896
6043
28691
10693
31862
11082
10976
30602
9656
23675
16060
18151
4116
6110
8355
21469
2434
21878
17796
24449
4723
17458
19913
30264
28247
6792
2676
24352
12013
2557
23754
1759
7484
20991
18000
22408
21844
7051
22614
32144
11011
3297
10083
5010
29186
32374
11440
1425
30612
12421
32227
31997
22768
9694
19135
22800
24929
20504
1249
29515
18134
3909
7708
27918
19490
23497
10439
9580
21924
9665
19565
7307
8572
28065
28413
11687
27193
26765
9256
26116
13535
13057
10716
14152
28227
8881
17936
26364
19013
8263
6796
28428
2882
14217
17509
26716
29900
8037
13848
27446
12661
7821
26158
344
30203
20959
10759
17805
25776
24288
19152
20928
10983
11023
26932
3733
26226
32090
24773
21142
31955
1653
2360
21687
24024
19873
7566
25060
21232
14212
20240
20571
15632
3296
1843
10407
8823
23745
13327
294
6636
24256
15493
18184
7834
12129
11256
24760
27020
7855
10611
17275
28668
6909
24279
3200
13741
2319
19389
31556
15377
8619
28631
5388
394
12604
6638
4325
18828
11082
2449
9910
13687
19845
32095
5275
29233
30626
21282
3814
20650
2401
30976
7322
17851
44
29186
31421
9556
23032
22053
18038
29270
2116
22145
22014
12968
27364
18701
3165
16352
4271
4197
25752
20099
10243
2469
16523
29413
15636
10033
8076
15593
9750
32470
5599
27540
25684
32033
543
26523
1460
1252
8135
32533
24736
17441
25574
13940
31234
19767
29691
31499
14735
24473
16326
31350
32365
23127
6551
10452
2962
10244
12028
10231
18835
24365
4569
16784
31780
20386
13298
32085
3716
32449
17986
20410
15890
18345
25860
5989
1454
5426
15957
28173
11528
3692
25616
4011
25187
31822
9531
31957
11306
12951
3808
11296
9799
11950
21298
1805
8149
27626
20445
24125
7646
26276
22085
20537
29492
26286
23228
29859
5987
32146
4139
12840
2174
8758
4195
27189
25341
25100
8106
28299
28599
2735
2706
9301
32095
7610
13505
31637
6563
14068
1135
12041
10804
17626
32404
13247
21540
2209
1184
13684
2083
22756
32032
22304
6801
15208
25380
28785
8669
19659
21581
12410
13314
1443
8276
28621
4138
28714
477
25122
18041
25821
27425
23000
1119
6975
32056
28971
17337
14473
17750
14648
13497
32762
2696
30256
26288
15693
5809
22989
15886
5254
7344
28843
4079
15073
4363
10150
5953
19324
15817
2293
11301
26633
23717
399
31905
22680
29694
25891
30701
2861
30925
30777
30555
32689
31104
30949
8419
10193
17893
20721
10369
18072
13802
11730
28397
13912
31661
8739
25797
28646
2887
6865
4844
23973
8666
2637
28184
3822
13123
11483
25049
8365
29466
27449
8460
19835
29516
17300
23948
7614
26248
29565
12806
16461
7941
12278
32543
26534
895
12791
29949
4054
24365
1172
13951
24018
8513
14304
2743
1786
3472
31041
18027
12564
13416
15865
10149
32718
26747
25708
29655
12941
27986
19579
16535
11862
8854
21515
10831
11863
29246
20340
25445
327
26668
23675
14257
19012
23232
31416
27386
30612
8406
29195
23945
32298
11715
32665
8500
26624
30140
11650
18324
19972
6153
1423
31574
21887
17846
26580
9953
10508
31769
28083
12538
6839
31456
10617
24192
12531
24998
27686
20798
31619
31435
10404
26413
22376
31028
22860
3452
18635
3455
11967
11195
1825
18419
23250
6731
23170
7977
27474
4205
31894
3857
13324
2508
13697
22823
13658
26206
23351
9886
25660
19801
6341
14443
3633
29091
15323
22209
9437
18885
20119
20052
5694
32641
9772
16590
7085
672
28376
25614
4853
7694
13034
18350
6015
15042
21949
6914
22849
18886
1329
31049
22487
8616
7987
21554
11009
28280
7775
9283
17869
16539
10912
28781
1852
7812
32633
25983
12580
24434
22810
26459
8821
25350
23722
12578
25899
2037
28385
31964
22016
11360
2325
28972
15190
10376
10760
6228
29019
5393
9946
23864
4971
22284
3025
1810
13404
4571
21308
4676
23044
20933
23878
13323
27590
20484
15460
1583
11926
5331
16898
7999
4223
8241
1114
24919
11445
14588
19429
24979
7954
30227
26055
3685
6355
25571
21077
27059
30713
12822
28502
5195
32180
26844
31971
12940
17374
9855
1480
16457
9712
22529
17374
19081
8147
5220
22726
17094
26408
1947
2808
17262
6723
12858
10791
28466
27916
28265
22915
21713
9151
20649
18621
11076
1128
22490
21712
10821
11730
28407
13861
22256
22787
1062
6379
28699
208
31493
8190
27445
26814
14313
14102
14157
15697
8786
17951
15369
12376
4019
23026
9237
28985
29005
8378
9689
24614
6514
4836
27346
11083
31665
20101
32717
28287
31268
28421
13204
30102
26648
2290
23622
2099
27571
26757
3541
18552
29921
31688
17571
20904
11310
14580
15346
3664
12866
16576
13238
29457
28883
17494
29141
25553
26966
4363
197
2247
25937
20192
24443
10872
15758
28836
21885
7124
31960
31955
4524
20891
21739
10531
30661
15695
14065
17644
5144
16536
30590
11251
24827
2982
26890
8616
7930
19265
11377
16428
16244
29272
4865
15586
6832
10197
9914
14660
11552
4998
18642
22345
12193
3479
17509
49
15058
19893
20530
14277
28290
17177
11391
27217
4427
30181
9262
28537
10691
22951
6930
20474
16070
18401
4339
30809
16277
29872
22974
21229
21779
2593
3669
3884
15066
31446
14636
1520
30267
9631
31667
11947
32615
28249
6353
28402
3463
8549
8151
30766
17860
19446
13920
28524
11116
26670
17618
28998
13374
28577
28283
24536
29925
2949
22525
19793
919
22583
768
4985
5327
12227
19358
12173
21300
6811
23350
15145
3905
2889
5564
3195
519
18119
22480
19339
19173
15040
12387
14816
23829
10713
31050
10659
14905
5698
29481
10278
3262
15638
8726
25433
3748
21664
24396
6816
2811
6286
11254
13182
10167
31700
17793
13648
14823
8382
14880
5346
10609
29213
3691
14266
8517
22187
3811
424
27580
4926
27619
14984
27432
16289
32639
4055
29278
1203
10240
18094
476
8409
11943
24404
2179
26011
22378
11871
1426
26760
17293
32597
22811
8729
12518
31409
1650
25858
3904
21770
4440
18288
6354
4637
19929
987
23035
6554
29108
1562
9562
29213
26170
8875
4260
3029
901
19312
15031
25453
4927
16810
3844
1038
16297
4104
2168
32593
15413
23221
24970
20083
8017
3614
29903
20056
10271
16602
16518
7923
1623
30452
17522
21077
995
23911
5939
11803
9583
7605
23155
17563
7892
6769
6408
4830
14067
3771
10979
15806
14440
16460
26040
4920
28098
3438
22145
15957
28437
23075
20662
24010
11138
2545
12454
27613
31826
4720
619
19518
13372
28631
12344
23313
21883
5574
12379
13258
10791
30227
28143
3051
10894
3596
14223
19381
31934
23194
22975
14028
14942
29731
22791
28870
26700
3923
17808
5927
2183
30049
22971
9363
22822
25338
6041
25420
19138
8769
4996
20337
1224
6843
7261
10643
1004
11326
21055
11692
10015
7131
31421
8599
30651
16697
10709
4544
4190
4992
27117
30831
16249
23739
5049
5482
4647
21716
15547
18187
19355
18073
3796
8436
4201
27339
25818
13999
10691
28504
13081
24473
21028
18695
8378
19572
31275
23484
19870
20262
19247
31843
22999
23702
1903
11707
4439
4767
8475
3857
21494
15592
24142
29942
25648
5982
13532
29327
4217
3796
13736
15995
5699
8242
19495
11037
3078
26786
2830
167
802
16857
10720
13818
18181
12798
19382
22219
20959
2083
16006
29588
4869
17566
997
25190
21763
17865
16992
17747
19793
12039
1184
10309
25009
13671
7356
13051
8740
8614
18256
32085
27416
30986
3287
6974
12065
12517
11095
6725
26305
11780
7767
26747
8131
22197
14149
14853
19581
25263
3175
16403
15023
26179
16092
1334
22412
22611
28291
4408
30390
14576
19323
5759
5175
16520
18173
19423
14185
28961
20249
29529
4415
32291
18914
15823
690
5476
5112
15414
709
22777
24855
24449
13323
21381
27269
24765
6925
118
23687
15448
18730
141
15306
22338
21341
534
12624
5893
21667
12250
17497
17544
23861
771
20953
11165
3190
17844
12837
7074
15487
26399
19417
9428
1834
600
2947
1002
9671
27898
15625
17467
79
30905
21357
20969
8853
7804
6188
30995
32696
11516
32750
31383
892
28094
26810
5755
6236
23605
18880
26926
31277
18800
5833
6605
29644
25532
23049
17439
27996
14005
13756
2441
856
9889
20093
198
22126
26596
26325
21203
7850
12011
30200
11765
19310
12391
20232
7692
19876
340
25386
4629
20693
31785
26735
3458
30442
1265
10182
29610
15204
21607
24212
28881
24006
1657
29719
7288
13873
31605
20997
20376
14628
32179
12361
3801
2396
11361
6733
29072
18463
1762
2111
28820
17547
5577
23903
5389
5534
30411
18208
10330
11832
5115
1213
15297
7696
19334
29331
11231
24953
29426
7684
13994
4865
12312
4215
303
20763
22072
11092
20578
28206
15182
566
23008
6041
23883
4802
5548
117
7006
19530
7321
3489
20386
15775
20781
8546
18040
2635
25185
30668
12879
25968
10359
22100
23847
20061
27078
25926
542
2779
15955
18476
21861
6730
6542
28161
13493
2896
15622
22279
7270
6676
18227
31061
22155
30142
7977
25701
17843
31540
18089
10524
31908
3424
11370
2693
13054
26075
17612
21552
17633
16590
18479
3699
21458
4863
15194
12205
17794
27542
21089
30466
9294
11829
21517
19027
9422
32684
5972
9360
579
12830
26880
15987
28854
21178
29298
13874
7901
27653
16120
14264
20973
16045
29752
17909
2561
30340
25170
10981
17168
513
15762
25848
30972
26930
32461
23193
31780
17602
22763
20939
30306
10966
31650
19
2861
15619
20726
21339
9800
28434
7907
19241
32306
14983
7394
17333
8618
18952
1961
7300
12692
3271
27239
5171
21713
3528
30384
14182
11507
5842
14552
9944
18974
4682
19482
29719
16845
14488
3540
5087
8470
13055
6349
20599
14915
8955
10441
9681
15491
31532
13387
13157
19780
13887
30188
24219
20128
4180
10506
4342
13656
13627
13490
20807
16871
16540
16922
23903
5848
20367
15126
17675
31739
9766
11992
6713
13350
10982
1925
21313
25255
21155
19475
13036
25706
30416
22602
25435
10130
31352
30860
26864
8740
2074
2636
17440
11174
10339
6657
15762
31463
31623
26227
4432
21183
2662
18974
14341
27322
846
3691
19247
32337
1431
628
13705
15302
27881
24688
24644
14503
28654
3304
4348
11568
12078
4904
20170
17324
31306
18822
5156
18550
29431
20334
20173
1778
31416
30862
17508
7205
16959
25964
10504
29693
31834
2762
25252
4586
15932
26266
4284
22932
17709
12452
32564
19449
21534
2414
15220
25591
4339
20851
4833
8787
7660
11847
30060
14115
5005
13031
6686
11174
17949
10615
18277
15910
25142
31992
2954
19634
27639
23637
3106
15591
8537
31814
31276
25581
1944
14662
16739
28728
29890
11800
14942
9329
6049
21576
226
2962
10404
18945
18532
7573
23694
32405
29986
8530
5976
19297
21888
24531
11259
5127
1192
17942
925
19679
26789
26895
3091
23590
31790
28659
31686
3678
19676
15335
31809
17531
30336
23554
14037
25609
12973
14596
25028
13320
14859
19181
7942
23523
13074
2645
33
3363
13056
27590
8058
15269
31800
25069
19334
30903
30555
4369
11162
5348
2779
20514
5707
18815
17894
8794
24077
26805
20453
22529
19166
16558
29734
9474
19840
5588
15060
19934
21312
9548
11491
1153
14851
12763
10975
11408
11433
14489
26902
19335
4106
4331
20488
23452
32260
14898
27024
4744
19481
6445
6447
24508
22652
15168
8991
177
28278
3971
6733
22700
7996
17312
32263
6946
1854
8278
32042
22500
28001
1703
20220
10462
11399
26046
18885
13700
31393
28225
2164
2252
17037
19509
22247
23539
17994
10620
6690
22060
4946
30537
125
15023
16712
1203
12500
17421
21398
13859
18894
32576
18894
8874
31574
30847
2632
12920
5354
19977
24465
14902
28811
25796
10671
24120
19270
26828
19946
20777
25244
29851
29846
23269
2402
12791
23762
25382
25072
3321
13636
11226
10106
27041
1898
19280
3877
895
16750
10855
21217
15302
27225
9167
29939
7063
1830
106
25971
26774
23868
6725
20225
28233
11339
4553
13188
19432
3212
30428
27472
2353
971
5807
30541
5351
742
29771
2437
5946
27693
14377
5569
14332
4307
12692
7644
2513
8224
15794
30151
1875
23976
23267
29464
22831
17953
23129
13956
6138
21027
694
7331
12875
30335
6095
6692
13618
1189
3904
26327
18415
21780
13328
13609
16808
425
4227
9737
12487
28822
10510
4775
4753
9309
29571
13664
27010
29015
8037
16467
3325
20576
31910
13674
712
11185
6754
9936
20553
3599
694
13192
22579
9351
20800
19642
23848
7897
18752
4024
31724
19813
21887
4204
21578
28791
13989
13642
10588
27665
3
25810
10990
11313
934
18392
25608
24348
18453
5499
26624
345
329
25575
26974
16149
32747
8444
12743
8823
27411
15608
28700
22572
19083
1850
31577
8273
18143
29789
4942
27617
7452
15171
21442
28827
31096
25268
8439
26065
6481
20777
6755
6491
17249
8741
20271
15590
8633
10478
11391
21993
18967
15893
3959
28492
29775
11618
1911
22208
28227
7888
3326
11310
7480
27677
5848
21750
27686
17003
15360
16769
6975
30031
17197
25581
28100
28741
32218
1366
1368
23476
14995
14314
6752
17591
25865
15029
23168
5599
3629
14462
26455
16347
30342
26216
23725
27567
16194
12257
25444
27029
26661
29525
29518
3351
3449
10044
208
29324
27357
22391
463
27010
22693
18865
10490
15021
27853
6290
22067
21257
10694
5139
6882
31943
4984
24560
15282
17036
3629
28150
20867
30571
12345
8236
21974
27776
29441
26860
322
8135
21708
22164
6134
20219
27954
29652
29394
23110
17671
32677
16635
14830
24263
24035
4706
2768
25382
5166
23639
755
21192
19182
20593
11319
21428
27298
28707
4599
2042
18337
8465
30535
24394
1811
9162
11493
4635
23402
15355
29721
19512
29058
11135
12626
5731
25238
9874
22534
5252
28050
13670
17568
4052
24780
4888
17942
21066
2441
2566
8658
7663
27082
20788
20072
14740
20910
3561
31591
23921
10092
20816
28521
1512
24443
5227
10951
225
25509
344
22402
17144
10671
10606
2385
14440
19050
30530
16289
27783
14933
16604
16268
11956
18350
7363
31235
29066
10969
14898
21129
11603
24227
24493
30916
10294
7525
23619
19943
9342
30055
25482
31919
31099
8780
25569
19744
8063
3198
22389
26550
5097
15055
5827
30559
9193
8485
16573
19107
14703
16475
14838
26103
31277
15387
4816
19121
11603
19061
30105
8987
26452
20763
25821
29322
18199
16093
12755
10641
10035
15436
10654
20248
14276
25994
19769
29556
20273
6701
4638
32706
20885
7437
17221
31142
8231
6414
31729
12566
15564
11600
31928
7011
2478
2548
966
27071
1957
1156
10239
29526
6622
21280
4330
1421
28873
23881
26783
19025
17343
27109
19825
16678
10850
10217
28038
30
18644
32453
29879
8152
10899
9515
26476
29569
21654
21076
9805
15385
17434
8680
5804
2126
26168
32575
12144
6430
14139
8844
21189
12731
31100
29174
21797
11068
3427
24521
10412
26153
15657
3593
31356
583
8862
20424
22282
27929
6818
9889
20073
300
8167
31269
10259
202
21763
25324
9670
10564
14520
29573
15206
19899
17809
24680
25145
18226
16119
29163
2850
29845
5465
10664
67
28083
15554
31508
4029
19363
17964
4047
31474
20156
15766
613
18358
4412
4180
7088
19735
14490
4946
3003
22612
11897
18324
26740
11091
23339
9237
28265
21581
8898
28336
8963
19017
3059
8562
18128
9286
4033
32659
11257
29829
26231
17515
76
6698
26940
3104
5929
2307
18321
12217
12311
27002
26922
32299
30401
3381
5714
32061
13312
5235
10617
1655
2703
20880
22673
12572
11196
26354
20493
11016
8386
24978
26666
15329
26969
31371
24721
27732
5729
30458
12471
26489
16530
15290
19740
31340
26113
1868
16502
12153
13657
31000
10080
11860
10138
9453
22529
23591
6221
28746
9737
16520
10201
7027
13731
29815
13674
22250
18503
24912
30515
26720
10649
1033
8991
21563
31223
27715
12954
13671
13022
19470
20012
22246
16924
21739
7878
25646
15568
10410
15174
12036
22510
1358
32248
18205
20038
29491
14206
16050
12023
314
14665
27358
10098
15237
10839
15875
19034
4775
10237
22726
16378
26721
30166
14805
3480
10126
4519
9724
20701
1926
29222
17290
8825
26970
15473
23093
27237
18235
31348
5660
17837
8589
20384
16554
28626
18485
14758
24928
7786
22433
5439
23508
19454
12855
25177
21525
12138
3073
8972
8288
7555
2045
29496
27522
17861
2980
20457
30238
14250
5353
22228
9043
14545
11408
20220
1911
20150
13180
8638
29257
13790
9823
11752
31719
32420
28479
9773
22013
27716
26419
30812
6896
15663
2860
11467
21007
4399
12370
25161
20814
26008
4245
20006
24365
15722
11590
24790
7657
16991
31198
5827
5719
16652
9381
24815
548
4392
25985
6482
29046
3801
21931
28354
7054
2679
7904
17721
16881
25601
5297
2689
20931
24911
17238
31870
28896
8374
12508
30212
13305
11158
17731
14133
3649
29137
23062
27727
24713
18177
5428
7860
21740
27138
26106
14982
25467
13556
2557
30337
16291
28226
23948
4966
4823
8352
32558
18008
20084
14774
32751
11704
19149
6468
28254
2709
21241
27215
4995
14122
24419
4466
21962
27586
14110
13355
2346
10670
24972
18966
32138
4625
7163
2644
5290
16972
19435
19914
5679
27467
10037
7583
24491
22852
4280
8567
11930
15552
1356
18596
9671
24869
510
27334
11284
31525
24372
1409
28766
24498
15261
25768
22625
21322
23030
18869
8780
19108
29576
1206
25673
6915
25901
248
16368
11232
4887
3152
3988
27091
21053
21076
9683
28100
28309
31045
19003
27535
13282
28001
836
9254
28983
908
3511
30546
16429
24675
6491
22067
19619
30521
19478
29305
4094
7270
5946
6544
16225
11726
21768
2805
29339
16238
22445
13633
28647
23421
5804
31286
30486
28561
23089
20593
14968
9998
11181
288
29012
20728
31373
27013
20985
16045
29699
1807
5133
2229
13755
18764
22663
4356
16649
14353
25993
8645
10449
15801
26095
27192
13908
986
25919
11948
23309
15240
32479
506
25678
17141
2570
6510
9746
1257
23883
5173
12221
19951
13825
32028
27472
4358
8537
24380
6558
26372
20533
21506
24899
7912
11125
8994
14671
3063
12505
9730
29481
14792
14015
21041
13956
17861
7667
24263
3973
6007
18027
19510
3618
1779
27806
32739
10676
32374
31321
4525
366
24618
29395
1913
21490
21789
8528
14519
13038
14209
6505
20237
1729
5075
10077
342
18839
27126
7565
9069
124
30496
28333
17203
30601
25385
15840
27136
9759
19763
24808
21552
18424
9843
19869
1591
7922
20889
19540
21959
5650
12062
24494
10789
26599
523
19195
23126
25670
24456
640
16186
31520
2797
26649
28982
10008
7261
19851
25015
19633
553
27253
26748
10077
30071
23612
4887
25171
14819
3882
13268
20935
6006
29110
29215
28835
1894
19128
959
9178
28389
10848
14467
15040
13837
9776
22128
32553
24455
17678
16127
5042
10514
65
26339
25455
12299
9222
14416
3792
3089
24289
9873
6052
7426
3341
31889
19195
20210
6512
16837
5490
30489
12975
6163
3979
9317
27760
26312
27579
22525
16851
5180
4604
27780
25531
15785
23735
10932
5322
25815
1819
15970
15031
17776
27189
32076
11237
23264
12846
30761
19942
20164
10090
11173
2351
10721
13031
27629
12998
3197
28955
23789
23442
20779
28900
2998
25531
10804
15443
30953
13924
8240
18166
19617
27286
17384
15911
2213
5258
12358
26024
12878
21385
28423
25000
3557
19479
8017
4947
12547
24161
15058
25075
7078
22466
14110
18136
6522
10487
30076
13947
26802
4812
20141
17179
23147
25025
18124
15195
21843
15402
32024
26157
8421
10877
6671
1146
5931
5806
7815
26564
9877
5520
12218
29301
30783
5341
20960
22666
23309
25759
13375
14239
22765
18666
11348
28663
31797
13708
31525
21170
26008
4765
16408
28402
2652
11089
810
22518
30639
8012
21946
9838
13238
10321
29626
16068
29351
18190
26786
27419
24212
24521
10719
8155
30717
3731
22259
3668
19099
7351
26142
22273
8522
1415
9113
12844
7956
176
22246
7238
20077
25657
846
12757
14686
20807
10677
11174
20495
16193
23547
28880
4782
7898
7969
23784
8415
7268
8861
9188
24459
8911
27148
23055
18767
29178
27140
20320
17954
430
32574
17010
20376
2006
7152
16570
6263
13133
1684
28104
28879
10208
6823
20518
9285
24413
21928
18403
14409
28862
1774
12157
19912
12169
31139
31541
3418
9345
8628
24610
2199
30709
3333
28983
2895
8583
11869
4017
20761
22737
5738
14501
3931
19497
8796
18448
17740
1513
13777
20062
13870
10153
25889
25854
5795
26212
26446
29367
26733
26912
16343
16203
1135
17345
26025
31693
25917
3154
5611
1447
10361
20509
12519
9320
17922
23133
7469
5166
1112
19333
15678
13187
2941
26989
7849
8485
17699
9734
2204
29300
12010
15249
18824
1422
20211
24730
22781
28128
16991
3767
20013
2519
15600
23110
16938
2039
32363
20660
3004
31069
22613
29134
11321
26390
22036
17402
24502
25503
27364
15147
16679
27252
2429
3448
29078
25008
31558
24391
13090
3042
14547
14757
7055
23313
25286
17859
16541
7641
20243
9565
3076
31098
30031
18015
4035
23832
1761
14587
2739
654
30709
1788
7792
26565
14294
29716
22103
4676
28020
24084
32216
4471
19396
28549
7584
12503
2386
2433
7307
31476
16991
642
9721
118
32428
26391
20427
20821
10014
22499
3931
14461
17169
8274
30999
5291
5139
29203
29968
10647
3115
23780
14300
26063
32234
5800
4998
26317
11300
4200
19245
6299
394
13461
21966
19968
30300
10273
20230
15680
16539
4421
25835
14465
8592
6221
5076
23977
11749
12562
21789
7049
28334
26935
13052
23916
28835
24460
4655
26384
20857
30095
11586
1760
29472
22628
4904
11343
4245
25422
9683
27584
6877
21939
25423
29905
28163
6578
4906
17631
9253
13813
1357
980
30877
6167
14461
10514
3603
16355
3534
29902
11084
6582
4694
23328
10304
10633
32091
3109
3273
30475
4670
11817
12309
23528
25226
2817
1064
29636
21077
19209
18534
10236
19309
5027
21016
25674
30366
4323
19027
9901
23266
21397
1445
7434
13346
22927
19895
26419
21386
9043
22714
15873
13913
11740
29992
11374
28504
4208
13364
30866
26782
31998
12795
5364
10440
8894
10140
1048
21164
15399
16178
7604
6583
22795
25577
22731
10140
7331
14851
18217
28856
18420
30144
11003
21134
4422
7212
13374
22078
1241
30536
13948
3420
5467
8461
6613
30204
7602
9568
18173
18233
11817
12659
13062
30367
19728
25969
87
29693
29996
15876
3371
14848
22157
24249
296
31303
23016
12148
26800
14936
31440
10811
11744
31110
22149
15438
19364
9066
17344
31074
10182
30240
17066
13961
6017
11722
16265
19403
6511
18822
955
27709
10727
15490
11649
9300
10515
15037
32109
509
12125
7627
9084
19019
7093
2143
22039
1179
24721
28143
9601
22153
16844
29484
30603
31891
5907
7443
32080
18935
5468
2302
29655
24640
15612
18242
21790
21974
31763
25720
15075
6054
21225
19726
1048
26807
31423
19295
27138
24378
29246
32680
3663
7434
4617
13646
10263
8947
10532
11246
12731
9410
17483
9224
8899
14832
15447
11892
22306
222
7687
30987
22563
32362
30508
29552
23674
27347
26780
28449
6317
4535
13592
18684
9179
32664
30620
20533
22873
3911
4228
28246
32420
30740
30650
2893
10007
22355
9323
31320
11447
25048
19743
19510
10124
5504
18205
31227
20664
32195
15655
30669
24936
29820
11297
21357
8082
24884
19069
30704
15000
24137
14863
13276
22018
18959
21134
6039
27162
357
12456
6581
29736
4458
23073
16032
12003
31110
28863
4274
11085
24155
12306
9824
30762
19698
16407
22482
8782
22228
5542
22609
27010
4111
23593
12587
4886
13189
4532
32553
23901
9383
20613
358
356
27237
4600
24582
13625
13438
22673
21526
12392
1013
25254
16468
28600
15276
13499
4578
14076
2717
24094
16196
11921
23032
14809
84
10149
18819
19650
23976
17252
30914
15897
27078
23456
5770
27851
7454
15813
28549
3889
1755
18210
12599
19001
32036
21386
8450
10313
448
3545
17527
7986
15920
32011
7750
17317
16979
29093
4020
12800
14859
19411
7594
16248
26482
31881
13349
9885
11144
5598
21805
15314
29063
4619
19701
29432
2410
5057
8058
2852
1386
3636
6858
29040
4837
9177
12776
10175
6209
27491
18116
2067
19630
23248
5935
14286
29022
2790
4935
8254
1948
20613
26241
20181
3117
24913
17962
607
13215
6910
19213
22216
4936
32747
18872
23441
5953
18051
25959
24785
17136
7266
8137
18900
14645
766
31459
27945
19428
27436
13007
21712
18353
24719
24603
14288
19193
24434
25554
4268
16074
28554
26234
924
3956
7725
21577
8347
24923
19086
18651
25270
14732
18974
31314
18120
1626
10147
32308
16696
20080
13767
7599
21831
11187
13712
14004
5927
7399
12964
23373
7518
5966
13209
2354
28970
15497
30183
19160
18010
28590
13290
20684
13983
6852
30368
10383
30406
31797
5721
24373
11165
31783
7893
29252
27865
18179
12093
24682
1606
25880
5002
1954
14794
337
1704
5731
17812
11849
20459
930
16880
524
8690
7801
12131
8093
15659
29589
26573
31906
5756
23113
11592
23528
1493
29464
16278
7578
31701
2635
27962
11752
27625
16867
21383
25673
5698
1253
30380
19024
31475
27679
348
30973
19766
10773
2501
7310
13758
30244
14167
24301
8190
29509
22856
1954
18479
6825
3292
32024
13395
26382
21480
10302
147
18118
6227
8236
11214
1580
23644
22766
7458
19550
28134
7482
20552
21034
20969
8900
29982
6481
16480
29357
25038
15318
5026
9849
3345
27805
21974
25037
30912
6529
5497
24949
31438
6319
7640
1708
13050
23567
353
5387
8997
31899
25556
29688
16912
15431
6609
30041
11642
9769
23895
3752
17054
10105
3932
1844
7772
22816
27486
28833
3075
15368
12732
23570
17172
25722
3187
23868
17100
32061
28669
1217
7783
12988
25656
18683
28334
27509
21245
621
28846
17917
31253
1441
8417
16531
8572
31059
27323
18351
15973
30797
2257
4489
16920
17780
24116
19190
2831
14856
8058
2493
29144
8635
3248
396
19817
13684
32090
9685
20297
30672
12122
23318
6492
28284
19689
27094
3547
9936
18726
25282
18929
2024
6217
32185
12937
310
2019
20297
24132
24960
16681
7989
22948
15884
1573
700
6783
3229
10422
29554
31213
16292
18027
14771
22502
24077
12127
1929
20215
24399
18759
25506
22627
25670
20996
10214
28408
27995
32433
20183
5194
2053
5062
23896
18133
20757
20723
12609
16774
19416
25238
28071
3446
30562
23969
5932
30541
6216
22925
18523
3318
6729
12926
3940
32133
23073
27872
30797
7363
30239
28269
26479
19625
27659
22861
31819
11732
28736
1057
10619
25827
10101
31865
7168
29242
18309
1364
22877
3218
21939
4394
30256
30719
14807
1220
5762
23025
25398
5082
21710
12005
31235
1608
27022
8613
32630
9822
9480
26419
27441
4792
1509
4303
4083
13847
24011
22963
13651
3181
21591
13151
18713
9607
23810
14570
16314
1344
17032
10187
10640
17931
13442
22890
29279
17627
8373
925
29041
24119
31086
18876
30169
9641
9351
19737
16608
16362
19492
25717
24770
499
12755
21746
24935
13956
13670
29705
4899
25497
25122
24807
29045
15104
11502
31675
18847
2041
466
1558
18840
23265
5582
3562
1529
14866
30938
12915
18506
2148
2183
5973
29861
555
23770
27958
12061
8485
11334
21650
22898
21513
20200
3844
31920
9830
5220
20045
18257
15187
25874
2286
24459
14673
7193
21102
17166
3432
13214
20269
9187
14575
22087
1434
28471
6246
32258
22338
16222
25727
466
14434
22698
12662
20235
24687
10831
13851
23101
27158
22642
18165
13252
15054
22060
5414
12550
8203
28538
13386
9637
12420
16264
13331
1362
20263
15966
19047
15356
22657
7646
30848
15289
1547
26125
29851
28682
17320
20485
3891
31519
22934
5983
1819
13450
27422
6848
22115
15573
20676
13189
6175
16153
12501
30816
106
14566
10867
31448
1110
15013
24464
8911
819
2992
26212
24925
15811
26524
21301
19357
13423
30112
27033
17323
14229
15502
13072
1764
30403
4205
29971
14836
20024
24310
4291
9295
17536
20824
10167
5580
4391
15141
4012
3780
3118
19879
5770
30594
9411
6315
1694
4254
8519
25952
6566
443
12700
31928
14903
4949
27248
32352
24178
17324
27307
12259
8124
12319
30339
5603
62
27455
347
11168
6649
14449
14547
22114
20966
24948
2228
1270
25787
26283
6878
8778
20610
15504
13564
14832
29271
12492
18454
23185
30194
2122
14432
15555
22498
25678
28441
29374
22295
11126
27144
16663
1237
16715
25136
28189
27721
11881
4196
18902
12144
27854
32406
27004
23485
31540
16661
30106
25012
11159
29459
30062
14875
28738
7048
9427
6506
12974
24539
20165
32128
25485
16512
16678
22436
21723
2676
32089
28236
22630
6534
21011
7439
32003
29420
1848
11511
15494
15796
6732
12341
1250
11880
23914
4750
20912
32094
19508
28408
26357
8275
27248
4458
28725
10454
12989
22315
170
18120
3524
18277
23257
2026
18271
16356
10322
19210
14927
6921
31433
11227
17642
6379
9041
15766
536
11861
31597
14740
14800
11548
13857
27828
21670
4967
2604
25334
6172
1179
25582
14130
28183
11945
448
30991
28269
30215
18950
32480
12959
8474
23513
4221
12312
31310
17200
13091
25930
1966
15393
9205
21451
21630
7536
16446
24842
788
15362
15914
25403
14509
31039
11000
4544
3577
29772
22493
7396
23428
20675
25051
11780
9919
22328
9437
21932
13581
31417
12976
26335
24652
14528
26473
24284
31204
5566
10945
30608
4883
24173
18074
12612
4325
18755
27850
23829
19240
18974
6628
18735
22431
9589
17929
11514
2711
26381
7217
23224
8483
8755
26456
20225
29781
10097
31872
26695
12323
24107
29160
15264
9991
27392
32629
4236
28513
22935
19758
11296
7836
10204
24104
20634
12541
16107
14757
11402
17696
25988
19073
31949
961
3870
13323
17254
28279
1432
22810
21223
26009
10990
30240
13367
17027
19637
5380
15074
32169
25175
21834
29349
20950
27653
31760
139
23574
11490
21378
10964
0
4356
9858
23330
20681
19146
7888
3271
6425
17326
22725
5448
26427
25472
7925
3254
15973
4700
24949
22880
12525
13656
17081
11706
12920
32466
13507
3789
15318
5409
13875
23253
22803
870
7609
2847
12666
32725
12730
24937
21058
6635
19633
3590
16456
22757
21050
31041
20817
8241
28971
22291
24633
27411
18598
15562
9545
32252
19322
26503
24434
14333
27062
24094
3065
3372
22543
23940
6191
23709
22996
351
1262
16759
3377
9477
2516
15908
23807
2662
22755
9983
14951
17326
3334
1500
13909
16698
27794
25936
9424
1579
5984
11305
12348
26250
8429
25924
31555
8421
14158
27361
24191
7651
11000
5388
19838
11104
23857
31601
21390
10278
28564
29035
18774
20848
4228
28946
2869
24269
1646
17788
2096
3736
19175
14254
1997
23759
19962
4286
22637
3875
20877
6251
21190
23175
31361
22042
21315
26748
14300
22524
24976
26986
25582
20160
23202
29900
8330
29551
8194
2691
23737
9424
27183
17792
24730
20218
8839
32733
11978
4423
26174
10230
4302
20599
24295
8778
19113
13894
14237
12928
2142
28788
28497
26754
16703
12875
5629
19743
22280
30051
23117
32015
27496
12774
2109
7101
11047
14557
24002
1362
2539
20495
4753
11273
11480
19601
20501
11460
8313
26779
17247
11767
25779
21618
7593
23099
32568
25097
19694
14515
32165
32213
20767
26557
20544
18728
30832
1088
10478
15790
10927
24370
2841
9029
10922
200
31379
2211
8816
7309
11403
4685
15214
13634
12490
13674
24046
23718
8662
28119
25703
22812
15892
11927
25257
19897
16739
28448
21874
16577
32310
3315
24184
13988
23698
11030
14318
30946
30183
10153
2426
25205
2346
12407
26184
1614
28730
3486
14684
24933
25920
2353
6645
14772
22931
26132
16311
12469
30687
2074
9113
17009
5027
17190
7855
9676
2358
22724
14126
26357
32487
30858
19951
18229
242
19798
32452
166
4886
4731
20560
28281
2363
804
22879
11087
521
19590
5394
22975
16567
22285
13108
10873
9066
16737
28227
9967
7054
17245
19254
30248
27613
31469
1423
7087
5068
26086
2705
29183
23979
2858
2543
17789
12354
20498
26151
14427
24591
3032
12906
23576
17926
27331
23600
27711
8536
19388
13843
22295
20508
24370
2045
12349
6593
23988
27736
2459
12573
2083
27848
21637
7351
23131
18272
6854
31107
4047
986
32311
26623
13709
28212
22341
11606
10605
17934
28247
15873
23043
31851
23237
27300
27877
28065
4887
27755
2952
3569
22313
28414
27983
131
16062
27170
29255
16963
23182
24539
9309
3848
24905
9912
150
11838
10203
13667
1367
8064
14128
26994
23235
27006
32739
7155
31920
16213
28566
3833
14472
31932
8055
30021
10863
25452
28060
7985
24856
5579
27326
5627
15033
349
8733
16138
14368
19056
12573
4338
6506
6118
7132
8608
14019
25507
27821
26811
29994
11561
59
14245
25703
21726
31084
13037
7277
15369
3097
26949
12810
13199
9842
16511
2863
20070
14700
4601
9025
10203
11471
2564
8668
12650
11018
13712
4006
30052
14454
96
23494
21877
1757
16527
11235
399
28752
14255
24208
22504
18473
32248
17374
9750
32216
31079
25926
23599
17629
8093
7708
31735
17523
29567
10675
17455
28723
18156
16331
18023
5418
9335
12445
9039
14278
19439
28503
28036
18
17709
8969
23285
15507
6172
3099
32726
29986
4901
25924
589
10156
18332
27923
14028
13820
27005
6195
21714
18234
27203
28325
6040
5988
14408
981
13021
23461
20447
14749
30360
10451
20026
28155
12660
25844
20924
7068
14957
19300
20088
18744
13865
18234
20066
1187
30559
16086
32594
5794
3232
7603
4119
397
22289
14480
478
22375
16240
23023
28837
31702
20167
9919
18379
22
20125
18952
30855
2668
14999
8922
10374
11187
31445
16331
26098
892
25732
11637
1659
740
30609
31525
17721
20004
8318
21510
4831
2617
19278
9643
4933
10341
4639
17024
26750
13406
8388
14303
17405
11636
20139
25865
21313
21165
409
31335
9968
24423
6097
15376
30166
18657
13408
7673
22510
28257
24309
17294
13213
17097
18106
28631
17953
10202
20
12775
15220
26969
4850
490
12844
29231
4568
7418
26713
21265
4163
23637
2196
25551
12217
22289
22816
29933
4752
27375
12032
19212
8088
15428
6257
20410
16473
9246
25195
25468
31417
13825
10659
18400
1112
26222
23428
23495
29195
15873
23011
30291
17213
28765
27956
4701
13425
836
7075
2503
29284
16329
15604
25762
31715
6741
412
18956
30499
19468
11495
10851
29652
25861
25304
2489
3003
20938
9496
22965
12190
27382
22604
1098
6459
5694
25960
6969
31628
17880
9925
3386
2663
221
27729
29788
26112
10139
15989
30411
10537
29113
14755
15467
14293
5853
2731
2211
15084
24364
27226
20805
7538
11163
1884
16818
12432
24537
9440
11647
30000
18658
32126
5810
10467
24100
13845
11756
6219
28097
13016
3547
11944
16788
5283
26483
20618
20977
11192
29673
29501
23166
14440
25121
7221
6839
27800
8285
19150
10643
5436
19061
449
24524
19302
8857
32242
13188
17560
28580
319
22689
28540
20564
24626
7196
9816
25051
11252
10972
4405
15359
5531
11748
1536
30628
14847
9337
14060
26548
31211
24043
1275
4968
12004
9527
29539
28068
11920
12458
9191
4939
20428
3731
4305
4233
20089
7599
1039
13736
22879
10022
15611
1892
15509
1746
23926
6872
23499
28025
20569
1954
22492
21075
18618
12884
22390
9746
28072
28454
10287
18417
20121
19600
3897
2201
11230
31886
1452
2148
30477
7946
28351
31066
17544
22030
19026
3481
21676
2417
24184
13077
25037
30727
7503
20340
20185
9879
3418
8747
29878
31007
28539
4006
4777
10407
407
5918
15154
31007
29912
12307
21518
30487
14687
15993
11120
19266
28370
23637
30369
29021
14309
19240
18774
19752
6541
30718
24058
24871
21515
18621
31257
5235
18911
3739
3743
27562
30053
24337
26595
31722
24591
7835
3166
6788
2098
18496
27059
32484
12998
26652
7222
22096
9650
23746
19597
23373
15919
11797
1096
14751
11102
18870
3367
6319
9827
13493
30593
23317
27901
25935
10811
9673
25616
5339
28551
16237
5939
21103
3792
32515
9100
24298
4550
4537
6158
26007
8620
21870
13485
31056
3098
4199
25660
12095
299
17146
16680
11907
20313
5741
3890
14304
27238
29770
25869
26586
17845
6488
27663
21827
18556
22120
26418
14785
20475
5498
9458
17323
18605
1111
1578
15063
2227
14676
22412
19670
4094
11189
6895
19812
4188
18809
18993
31928
20549
26998
23826
23308
2485
22813
15517
29557
9143
23113
11161
19759
28607
29763
29984
5271
29014
29781
31329
4584
5769
12315
26208
21881
9991
20061
23757
20969
14379
15823
7101
15738
17481
8685
21948
14936
27095
22452
4503
1317
20
21156
16843
8906
6890
14633
20809
14787
15563
21981
12555
21212
6958
5301
32352
2174
18490
28034
9703
2857
24572
17352
5235
3602
23028
24356
26352
10203
17569
12752
25594
25982
28748
5672
19923
30336
23369
10700
15692
25948
8347
14952
12886
20784
14878
15054
14610
28212
9594
176
14742
13933
19692
22287
8404
21087
30235
1749
3702
7434
11622
12161
22039
9876
28132
6992
13508
15627
16871
13695
20670
10185
9498
22941
32285
25151
22283
7261
22514
25668
18364
3227
20299
23181
28373
30401
7005
30633
14327
19375
22728
14296
27459
3926
25386
27434
21349
7026
5753
5370
26297
14725
25370
19558
16855
12147
14800
17682
22127
5667
3730
13472
11935
1091
31245
4152
22940
13678
25568
7361
30932
22761
24957
4725
23306
29824
6389
3461
20777
28218
15933
13807
4402
3530
28803
11423
8113
8024
21940
8953
17488
27673
25971
3472
1678
3568
10187
11989
18597
21293
21525
25623
15801
24814
17548
21779
5091
18124
7392
20623
5836
17925
11634
13885
32751
24398
14478
4903
4144
32617
22611
14580
19602
8011
5708
23662
24308
31607
22313
21351
5628
28764
26441
29054
17624
28243
3090
8079
29722
2841
16834
22475
27987
31929
27471
9565
851
19519
17338
27609
9890
26819
27774
30671
27154
22601
9491
2579
31178
27148
18010
22881
3648
11323
31375
24408
14987
315
1363
15525
1355
7227
3062
636
19548
23913
21780
13998
32507
5047
233
23495
7161
8572
2432
21069
18466
27934
32757
12580
23572
15272
15151
9420
19994
19109
7204
14654
8770
14048
21020
12911
21011
27510
4789
20038
29898
14650
4806
5308
18898
12245
19293
793
28409
18277
28484
30589
18011
8109
21105
6338
8908
5013
22915
10437
22749
13755
5919
3124
20249
5951
21622
11356
27723
21760
6702
31585
19473
12379
26439
3557
17197
18296
8637
13000
3569
23684
2232
10487
31051
21753
12615
12888
23870
7407
20220
15932
30060
3302
4095
26558
4539
9043
18729
25617
19159
10197
10181
12393
30725
19900
5885
20265
11323
26356
22345
551
22452
10470
21675
13935
16938
30871
463
27670
8873
16509
29018
26257
14777
9333
2334
5167
7401
9542
6152
28824
4611
11789
29972
1914
30340
25263
22568
17755
4250
9084
20124
28876
6984
17607
6463
1003
17271
27597
2784
5605
876
18995
25295
3832
17691
30391
29144
10835
27029
28225
9225
3056
28445
32290
31377
32064
31774
17791
10158
12347
8655
19043
15256
14290
20631
28221
4945
16676
12661
32466
15413
31704
20888
25236
494
14818
13945
23162
3988
19460
11174
11141
25719
25234
2505
32563
30267
11071
26678
19651
7639
13620
2872
3814
9463
28469
13721
2296
3499
4122
20196
5390
21798
21627
25506
17388
28213
29191
15252
1002
5735
308
14626
5597
2977
11716
20021
13901
14056
18730
6519
30914
11196
24205
15410
3905
7421
23121
5071
9207
20171
4351
31544
15807
32279
8876
22966
27962
4801
29685
3254
10377
23783
30869
1149
10996
9482
29939
5616
25825
4011
20639
13486
4643
24001
25678
19398
28640
1203
11006
14928
250
8014
24255
25422
19293
18439
24291
9501
18489
10268
20356
8575
12650
15757
3448
31228
10254
14644
4907
1784
13393
25294
22754
2548
10070
9374
9603
21506
545
24026
7829
21889
15573
23149
26916
16075
8394
28048
11923
21445
24150
25784
6662
4732
6234
24426
21326
18203
32449
22723
32580
24892
12096
15312
4587
29865
3868
13510
23031
8247
7001
28860
20799
4967
132
24538
5015
21256
29640
21780
11468
3561
19540
16589
29579
24519
2372
23464
830
31089
27443
30091
8154
19541
31461
29837
1851
21371
13793
22528
3706
28878
32643
805
8694
14252
13826
30401
30994
8678
10205
17649
17639
8008
14867
29546
25541
11951
32502
2379
13134
23789
24815
9242
21616
2629
26648
9636
16033
20411
13625
13150
31949
3675
10291
24029
28821
22002
16637
20196
24636
15299
4096
29780
29846
14970
16728
69
26440
13985
8057
24168
11597
10188
21178
22872
24383
18015
11955
289
13530
30710
17504
4474
26740
14209
31087
30520
4289
1398
12364
27302
29844
15271
2935
28821
20233
5245
14772
32219
14368
24396
12945
3343
21962
32732
19818
28598
14019
25148
31431
15793
23673
17833
29388
21835
23971
218
8124
8584
2555
25542
24992
2721
28510
4456
17639
16017
21034
31690
11153
24611
17210
12126
23057
16755
2813
26835
2352
25884
18658
257
2809
31473
27707
7829
19391
1118
19642
21359
8918
5105
17934
28305
31093
31418
23253
1606
28836
12738
30218
10208
7151
32589
15014
26777
20030
27177
21523
27120
18139
25490
16067
7351
19200
7041
17537
9877
10962
19816
27497
16227
15852
31247
32062
7230
14937
19380
11424
23270
21440
31670
10834
6832
6824
10406
23796
6095
6482
26794
31167
30911
32763
14856
5970
3126
24604
30610
10101
8074
18596
3312
4848
852
4768
27785
21302
7389
29933
1448
3361
4857
11076
2416
13129
2232
4255
14674
22902
23859
20207
26256
32599
17223
29630
30975
20211
25812
17092
54
3433
10721
5918
16747
30391
32031
1689
22085
29029
21048
30043
14723
31638
26123
26753
1722
20088
15955
18188
2679
13639
19471
3099
24234
9972
25904
16690
16267
29963
25266
19818
29040
30668
30141
24731
29726
25237
18188
29553
13591
8936
13017
22378
6039
20026
27538
29702
26289
4139
12377
20992
13096
8668
6058
18088
27868
29378
24038
24645
28253
17565
12826
18901
24051
9938
17723
9996
11930
12596
26388
23100
14257
18055
2393
18052
2319
23344
17655
13584
18526
6884
31228
17501
27405
10216
31648
30921
25476
7284
15517
29591
21037
14591
28915
30418
25416
3873
17209
27132
8680
17403
17008
27109
24235
14181
23601
8503
10520
7310
17963
24513
3041
7465
1125
5712
2886
13251
32345
12049
12584
27772
24496
22413
8714
26491
27556
25562
1850
8634
28172
1979
5622
2031
27070
21227
26440
17614
25187
2100
5589
1076
11689
15513
1232
31212
4545
10821
6337
24863
26171
23776
4364
17685
29276
973
2695
9967
19161
1004
14681
13759
6083
12015
28791
12549
22941
27644
2134
32089
3698
4353
27558
3274
10682
1108
22960
28238
355
18742
7020
27364
17939
18379
3500
13045
11211
22808
30734
25010
8006
13141
9173
10813
5573
19722
24520
20240
11415
10320
15709
10788
15129
32388
4514
18960
25189
26107
31099
8830
14095
30985
22376
32349
12462
32242
17503
30220
14514
23445
18571
9739
8104
266
24256
12351
31260
18437
32399
28814
2217
14220
25861
19145
21949
6797
10533
24691
17044
13349
6029
21936
21130
28204
10221
27380
27039
28515
22175
31649
6573
26894
17139
8212
10331
5469
5087
13284
20505
13660
13399
18407
18846
14423
30929
7369
568
16696
29021
15896
13482
16484
8885
14107
20903
26189
29327
15186
16817
22323
25850
24895
385
28880
3153
10433
12169
139
17072
24123
9892
3117
26796
9784
22046
26626
25819
6051
2607
12301
12897
2987
12701
24139
16333
20337
8903
19063
26232
25179
20136
6640
6730
8038
3910
28103
12930
3540
28470
20746
709
29235
379
21094
22136
8661
14531
12656
23061
12006
7362
14328
32613
17782
898
29463
1043
7502
7644
31763
26726
2889
5165
18227
1624
11534
7635
3560
14115
27012
2363
154
12500
20790
26099
18536
10552
16059
8598
11239
29105
17615
2477
27675
8379
27275
31293
27320
2634
11398
15219
1668
24949
24558
14044
19962
27690
27904
22974
30961
8541
25883
31692
18667
17137
6841
161
32322
21289
14115
25522
27445
30729
20454
8416
21089
7748
3867
25493
22828
6420
2592
20608
6935
7618
22858
14891
7489
6187
23822
24718
10321
3166
30322
17034
31863
9607
18870
29338
25682
32139
29164
30736
6500
30602
15799
18962
8520
1939
1049
4418
5299
5919
30815
9873
31190
27718
2884
22056
7462
11862
18821
19977
13768
28905
27055
1035
2341
23903
10161
22693
15608
21583
16883
17520
16885
22047
4425
2149
13539
22136
3766
1467
21583
11993
16504
12734
19357
28250
5596
13549
24969
31797
8366
13912
21431
15972
6625
7790
2246
11976
20715
5760
16038
1646
23896
20853
28009
11078
9396
18808
3035
25311
18832
13178
7216
17630
20660
32161
29363
25139
3121
32204
28180
9315
3796
8335
9906
4123
2613
16938
1846
10955
30360
3410
12213
15424
19846
6454
10913
21391
29639
6078
18162
29688
11994
7663
15389
9846
17809
24763
21256
28952
389
18746
15324
8105
15620
25430
23329
28794
26359
28058
12893
636
7552
30088
15405
19943
8904
3904
14685
4621
14741
2186
12486
13853
10765
23182
9116
4184
1172
12311
26604
22117
9380
3367
8140
11460
31627
26484
29220
22303
28026
31073
32079
1180
13474
8093
5912
22211
9014
16934
27002
30885
12323
25742
23146
31489
3827
9589
9781
4351
32455
18779
4573
30719
18263
12367
6618
18171
9203
13473
17750
12765
25985
3314
4314
28805
13856
4076
20689
32331
29630
28560
6178
25022
10834
32706
19793
13177
21931
30652
26013
10009
24458
4432
12763
9864
25871
18936
15961
30764
16278
13832
21232
8907
16235
13779
12510
24404
14665
3461
19492
3929
13592
16433
1180
18354
9160
19468
10852
9923
2986
1181
1941
23179
1858
12039
30642
18231
5417
20315
26141
9571
2027
5111
28784
29424
31960
27476
27217
32460
11104
17747
26657
27681
1867
20537
24430
21000
10702
17484
31318
12568
19881
20937
25991
7654
31048
3565
338
13639
2460
5600
13022
4731
19919
610
1927
13081
25563
30815
13250
14288
30264
31749
24589
4560
32331
29542
20401
8529
32374
1923
22156
13785
28595
32484
13142
28479
20520
29305
7944
32725
2758
29954
30464
19402
30970
28888
5646
1310
6608
13568
5144
24440
26104
11264
29362
14565
30270
4291
5692
26996
21219
21361
12743
13576
20524
3597
1270
15206
18120
30616
11909
21390
7115
11570
16201
4049
31206
8764
19269
9544
20299
20099
1466
2064
5127
4529
32300
6851
3192
21367
22897
6286
14049
9690
5370
23347
7820
9522
9363
18353
15211
8205
28833
1619
15266
10025
1481
30766
10346
30503
14932
26134
28098
31674
8898
6073
2010
5713
13198
13347
3981
7565
13825
32029
11945
5092
3117
28675
2489
32538
11209
12239
16339
25410
13670
19606
19202
10070
16398
32163
30490
32279
22776
10226
5669
29523
31317
4100
7503
18062
5434
8500
29989
22793
29404
1603
16897
30549
8807
21910
1206
23443
11744
1525
19203
18206
8968
1611
22565
31463
24161
23214
26162
7237
7159
31507
22103
8679
29389
7302
19478
18596
3503
4706
31194
27520
24888
25385
8969
21879
3933
14706
28091
9935
4683
5141
29394
24788
14880
14223
12215
13571
27142
20988
10263
2603
11129
5857
9882
22651
30185
16114
16915
594
1263
9454
11747
19204
32431
13491
31627
3085
16164
31637
5872
2180
14218
25035
1794
21688
8214
17784
20736
155
28886
3601
14514
18258
31192
21900
4296
23764
27944
26393
18263
14230
31311
25651
27286
16315
16356
7070
13894
28470
19996
13276
16456
30100
27274
14382
23129
14517
4048
21684
207
14785
22760
29701
7237
6031
15019
17116
3984
25775
7876
22682
30162
18393
11936
10152
14636
5700
23807
4897
1515
13272
19404
19505
10848
1297
23937
18932
22832
397
42
29858
15681
8622
26355
23664
30555
2338
14084
440
3838
18899
26164
30598
8476
18400
1060
3213
10718
20022
24222
1170
4987
3764
20582
4429
73
23001
23715
242
11901
17932
21311
30657
21064
7118
7150
25915
14756
22934
5206
20564
22346
19189
14976
14665
32018
11461
26663
120
28350
2271
31011
9316
16686
28500
1580
23464
3020
9223
23165
25901
2656
16639
23630
13607
8120
30458
17323
16493
18256
4165
18302
21765
28870
5815
25939
24919
9047
9955
5635
15279
26330
7082
27325
12112
13564
17445
4318
7991
24556
2390
29380
13184
12879
27059
8930
9382
6598
19738
30658
1971
30921
27840
15550
4331
26957
20476
12227
14601
11322
5613
8124
28846
25208
14468
4839
7257
17835
1714
12427
9138
9094
28567
17052
18250
21326
12022
13219
19096
22658
30741
18904
16511
25718
4942
9191
15670
22631
21724
29081
7913
24290
25128
14645
29426
32367
18572
30640
31840
3562
3340
16550
25707
27526
16376
18818
11232
124
25618
24669
13126
16091
15607
14476
30980
30578
881
944
22322
7341
22202
31970
3320
9329
1111
5290
11063
22918
31126
31358
26724
1597
7516
11357
11456
30700
19876
31852
12160
14116
23085
30910
4419
20774
5595
5424
8200
4160
27630
24909
12128
31878
23965
2940
6342
28480
31564
22961
4628
7381
7799
20003
31232
19006
17175
11988
2384
7388
18194
9718
17556
26686
16909
28634
2441
2369
12280
22432
1370
63
21983
12013
31093
2895
1790
19133
30003
9333
11586
1346
15266
12712
14080
30378
16727
26174
30441
25497
22310
10278
30094
29609
836
28187
22410
20703
27847
6726
2988
25889
26357
32471
25768
24948
3932
31976
941
2411
29997
1072
6338
27863
21603
18096
28871
12570
16284
13259
3950
12872
18250
20364
3283
28949
21128
26684
27564
5230
24942
13871
1719
4840
21850
18697
575
13315
28369
30510
29447
20914
7852
13610
5541
8934
27355
32206
3900
20864
19281
27605
1148
28547
3280
26380
25882
14607
17112
3160
30703
1690
30324
17608
15182
1714
19557
963
3457
11320
14732
20392
16094
26411
27640
1483
1613
23373
13551
19941
600
26745
7647
15984
21159
28743
32689
17134
9566
29537
29049
16974
20045
16840
23501
2300
910
6797
22881
9765
30029
13475
30359
18162
27627
6450
14217
9782
14752
25183
21566
20086
12397
29001
11990
30090
25522
20337
3438
16760
27889
30608
11294
5977
22434
20912
10254
18088
31632
11309
32680
29538
24713
32147
26810
19510
2885
28057
26783
8511
20038
25057
13377
19169
7322
17354
2658
17287
3111
25845
11796
16402
29840
13658
20636
14706
1405
32274
27340
31525
17616
26591
6923
2246
8049
17222
11373
20926
10430
858
9477
2563
31179
8819
12785
25858
1018
6768
26136
14774
29447
24768
3966
13361
7272
7585
18757
537
25456
25638
2882
16225
11262
14725
22425
9174
21432
4911
7152
14754
16678
14689
14172
8759
32551
3097
26523
5562
27970
13101
21071
27331
18530
6948
6150
20313
2668
20916
16605
29800
22714
18469
32166
11500
27216
18017
12901
11831
18199
15056
23380
5506
14497
848
9571
15190
15221
2529
18829
25774
4512
14502
13142
29694
19306
14455
13417
6040
2454
23509
1081
24245
21321
4831
4202
16117
30644
19934
26775
10136
8364
6563
15103
21564
15707
17181
23624
8855
5972
6475
11439
19244
15237
12754
26498
14465
11302
594
28860
27165
18913
29692
24195
3268
10174
25793
15770
28942
28174
1160
580
20231
29
8437
17149
10118
1842
4293
9072
11081
23885
10003
32655
4900
21597
14724
7397
9736
30730
23291
19363
21656
24297
21454
11220
6498
5084
26691
2330
9130
1810
16324
31467
23857
25944
10609
30378
13951
20943
32446
31887
13434
21055
18558
27371
9284
30809
16610
29843
32375
29263
8587
23792
8846
21059
17862
1980
32747
9426
5853
7787
15287
31944
16041
28499
20782
24959
27441
2144
30094
16592
18415
19689
32085
31625
4535
11851
31285
24327
19564
18874
25217
14853
11252
13881
1180
17835
5852
149
15793
16866
4480
28337
23459
16081
5668
17783
5105
16826
7403
15305
7021
18247
16005
16585
21515
10611
20780
11100
18270
6389
11860
16273
30653
9111
17970
1563
26834
22887
10024
14415
30733
18210
12725
25241
23365
15529
8136
5466
31832
12916
1034
12250
20803
14815
24498
13097
19904
12502
21089
4828
18360
6927
31618
21002
7496
850
11037
14513
7175
9283
22057
21245
4047
3068
22226
1995
9224
10900
31900
7057
21907
12984
25044
12149
26408
30072
10845
25599
13999
18875
20818
1044
21251
27609
7047
19350
6783
11162
18713
10098
24675
6044
8897
26969
1494
14692
967
2593
9234
16008
3122
21874
16243
15097
25947
21570
22885
6568
32454
6467
4650
2673
7312
24743
6238
32426
21779
2294
28523
27471
4338
9366
11770
7845
1516
29937
1611
19159
28681
25803
30061
19135
162
12185
9187
8509
22080
7284
10964
23353
12475
966
21812
24440
19417
7630
31984
7373
31212
10887
12821
2249
20813
21798
26385
19450
17793
18771
30136
15470
32456
6184
1098
19914
14266
12487
24593
4296
15019
17883
13749
1523
19800
21831
19937
7364
5563
13306
5846
27694
25608
24112
13659
8366
12967
10875
11423
14824
19293
28208
4823
1713
210
31136
32624
7804
720
18358
16133
30495
13171
24507
1180
15125
7169
17141
30344
25013
12943
24390
4995
11981
8951
2498
15826
23025
29571
17628
28585
17083
4644
31226
10966
24560
16610
20400
20812
24558
10012
23056
31909
13528
2208
22527
22027
11720
24523
8606
15953
15204
13065
15671
5876
459
20952
26685
8531
26129
31451
29157
30626
23786
6170
27832
13627
26840
23036
26028
2579
5970
14121
1275
8045
18243
1422
25747
32698
14290
26919
9809
11436
2254
12183
2916
1685
13411
21778
12276
28492
2001
17263
14731
1784
12200
19498
3514
17041
26496
8193
11384
7207
18716
22035
13771
9968
5326
26472
359
8712
23821
937
31045
18700
24814
17913
3474
29260
4245
13726
21175
7100
30450
11548
11833
16055
29914
18594
13595
10135
26809
2552
13594
31638
16209
3005
12230
1099
27413
15360
17206
7265
23342
19857
2729
24413
32575
2943
28950
26992
26885
777
18705
2699
19071
28467
13961
26773
4185
30902
13761
12494
17239
15051
26944
2744
14991
3873
26901
29625
3318
27423
28131
24015
21290
2888
22610
5682
20695
217
12798
9741
16873
21545
3665
3414
4337
16588
20219
28903
32418
29607
2841
12333
26316
23392
9458
5735
29533
8251
15836
27502
5838
22605
16478
29913
3007
13651
28253
19808
31209
28068
17914
13707
25456
26356
12903
6228
18483
6476
25234
160
15574
5892
11743
8391
28666
4956
7681
31454
5044
10250
11939
24037
388
11814
19878
31742
25810
15707
19276
3985
1786
14304
27538
26468
27777
14156
28910
12460
29045
30731
11242
8708
16504
5517
27994
20223
27484
9106
26626
1336
21118
21794
17254
31849
25776
6913
4595
27792
26520
22604
27757
31687
21463
24448
22842
11711
30897
24423
8616
22822
32351
11411
10306
9477
27960
961
4907
31155
30397
8788
31330
16717
24739
2819
12195
552
4582
15767
17375
28510
16335
16390
28932
25385
9120
24538
29647
7135
1929
20096
23300
31837
31612
15942
6105
26609
10435
22066
5139
1469
19881
19352
694
11413
31075
4589
2015
23841
12124
26162
30474
15893
4395
15851
14343
1958
24990
29765
27436
10182
29668
10587
5957
27934
26855
14298
23910
303
13851
19617
638
17966
8224
9643
3861
20289
15300
26890
12519
12408
21513
15101
24624
8962
31438
4860
1515
5540
19540
11114
18708
18829
29231
4441
8084
17898
2483
30803
18203
27099
13781
26228
30865
8070
10545
21239
24799
31364
29963
22905
21886
25678
19752
8672
539
26687
4640
31206
3903
29316
17222
17376
13503
540
6264
7837
1210
2549
25450
60
6916
9197
21829
12206
21158
7264
30100
1426
19382
14701
24277
8164
20267
11933
18973
15407
25891
28636
2510
18524
11371
20428
5151
6325
13260
7915
3230
31812
26580
7027
6929
52
24305
14514
14630
2844
3927
19913
21860
7771
8692
21568
14025
28021
12416
21276
27235
13353
29295
24753
3883
23068
7338
29002
24396
1926
6105
26895
23594
21697
20789
484
10103
31170
19583
13277
8570
32043
5633
19398
27812
9870
15935
15542
23010
7385
27300
23647
4609
14397
13536
3096
12358
22282
32559
28173
8018
20428
1838
3913
8215
28108
11278
22119
4451
10449
24241
18790
1487
4641
28413
17002
18216
15410
14107
26204
22456
8422
