26622
27549
10483
31594
10003
27505
19913
19431
27439
6360
5202
6154
24561
31473
5182
8283
24089
29371
30185
17649
12296
1611
22402
9900
5648
228
31407
31550
9768
6671
21038
26221
32426
28640
3292
18993
3451
8333
3308
30927
29727
8618
24663
28844
17396
22648
22778
5783
21405
8664
10533
26190
16058
22154
14833
7429
22290
28952
31296
78
1305
26979
6057
25862
10131
11713
4928
25884
10449
20145
29981
930
16352
18819
24269
8303
25
2192
24712
5149
5818
8032
22787
25733
29131
20898
4209
27380
20107
13231
21786
21390
16455
11598
29723
17607
30587
13694
3083
19033
20724
30563
11171
25085
13346
11737
7171
15703
12171
1413
27754
25777
17052
20257
15078
31
5744
20233
30243
8206
13395
23443
16237
19287
25928
3471
11655
7016
29829
21955
340
17300
24734
12966
23964
21788
10564
20062
14224
3115
1200
21086
15112
13157
26960
2859
19774
18575
16338
10745
14049
10092
22224
421
10465
24090
1693
13767
9235
24437
11396
4838
31116
30197
10598
28628
30967
20821
17755
24908
26208
13750
16538
28792
27743
21508
22313
25959
25371
11464
9540
5936
507
6770
20133
17159
13228
7718
29705
9902
2633
20530
692
5740
11622
6275
20227
21235
30169
4579
28213
23228
6943
6778
18333
5608
21144
12566
15932
23466
38
31
32712
20556
13021
31471
26613
16892
15973
23111
4734
5134
22584
18810
31689
24661
28461
9788
12098
9366
641
29295
1380
28633
18002
13529
9177
3124
16097
23474
5416
8506
28745
30599
19636
26968
15230
20791
9559
9073
879
28523
25336
2631
28558
3173
31200
6915
8754
16397
14487
18249
4347
25431
26131
6296
9954
17244
30837
19216
9404
28605
4651
32699
26179
25619
13319
29834
20485
3300
995
17722
29863
3033
4832
16158
25675
8365
28754
13950
6115
15573
28619
8498
1340
11344
23449
10662
722
18470
26890
10924
15621
9917
18820
157
25732
14287
31703
5937
8147
32125
19928
20591
19832
15323
15065
1305
22245
32678
10322
20569
15541
5368
11347
15604
26317
15863
19007
2386
31261
17678
11521
24091
21275
21156
9969
8842
14877
28545
9060
1026
13008
760
5364
8834
1824
22495
4268
10694
15456
23336
15261
23908
29817
24790
1006
15748
19493
15159
14894
15026
10659
14334
16460
22212
26776
22690
9603
19399
9901
22278
31766
14824
16599
6157
8811
12822
26848
95
27491
14522
22693
17894
6112
32147
30866
19741
15565
16081
15259
21671
17302
21380
4008
28959
17753
1988
4461
7089
15852
30733
8035
7601
28257
12882
10992
12638
17385
32021
8892
9398
25507
7604
13405
32618
4880
5346
16917
6389
32150
12911
6648
6463
7395
12109
26741
28076
15072
733
8547
27287
30751
20634
15851
12495
26341
19788
16369
3875
27327
24929
12692
4391
21345
5016
31579
9847
25523
582
32439
23054
1706
6801
14044
15120
22108
17508
9959
11958
24547
22336
11765
26611
12796
14960
15160
740
32682
5964
3232
28819
20035
16500
13404
11252
11180
13663
32697
24842
27343
31650
31023
31974
5126
21658
22278
21002
5037
31889
11423
11931
18988
3984
21509
12200
23228
6318
1437
13635
26762
29158
14314
32099
11777
19455
31406
18161
12054
27123
26604
22497
7381
29814
31716
29844
15161
17312
31760
13039
2299
9777
24709
17257
21203
15634
6426
10525
22406
24208
28975
21520
5676
21266
20095
32122
827
19156
13317
21097
5076
21907
23497
29256
29483
8217
21138
4092
9214
4213
31903
16423
30557
2748
19825
14076
4697
6784
25145
4680
21822
26767
6128
4762
24332
14051
12049
13791
32634
12512
18028
43
14724
9173
6432
16536
28277
132
31236
17219
25982
15402
31018
29722
25327
16585
22626
9078
22020
21947
1245
30970
6759
571
10708
9908
8614
22244
12837
16365
31299
20672
923
29883
23866
13032
22275
8522
9309
24515
13520
18893
16889
26369
5245
23296
5498
124
26747
1483
2831
12656
25664
24183
4257
21410
21242
13643
20459
24043
8157
7577
17903
2764
25421
2105
29496
2379
18288
16514
21911
22644
24522
30832
11894
26083
21881
505
13895
4947
17940
32015
27508
5816
10191
13019
25523
2571
26294
29872
31671
24639
628
6500
29911
3910
32045
21514
25698
5110
12997
9836
5115
28761
4807
21107
7381
31154
21216
7058
9358
27376
22540
11376
5731
21626
10765
15582
5107
25033
30773
26825
31339
16638
4272
5039
20462
8705
1998
4921
11378
11308
6228
14296
27631
16816
17743
1642
21990
11633
25872
11829
9494
18448
15978
21124
30248
19764
12383
16323
22532
11342
25203
10785
29977
17844
24439
12453
10624
16828
19028
21568
16238
29318
16294
11183
2610
26421
27591
22251
25139
5537
15183
30440
4734
12502
16606
19783
2230
2942
4197
26097
26043
3702
28740
4643
27382
27731
24149
8478
16620
28667
21127
15767
13405
26104
15850
1795
5861
16562
2448
19722
2480
3487
27204
18588
6503
27194
14158
8429
15237
21359
14012
734
29210
16057
27436
11930
6681
581
13887
4208
26458
32714
16838
24083
13766
25619
10572
24450
27044
19066
16218
27232
30224
13594
27691
4198
10675
24500
24437
1792
14815
26119
27854
25843
16679
8693
6172
30452
10330
26132
27352
11318
8416
28468
31890
4914
16981
275
10112
22736
19772
19894
4954
6647
20373
19478
30545
32067
26804
9706
19547
30929
25281
9710
26359
6580
11291
17816
9914
32631
4860
24505
9532
4699
9925
26869
24761
10357
13704
2334
12437
1936
6254
56
25076
6414
32131
12179
24672
19664
9432
3409
24493
5895
26465
18193
20446
14461
19798
1343
30245
5240
4983
3235
10160
13229
19674
2185
28400
29191
23015
22263
11408
11433
10179
2142
4306
19416
29924
18946
1207
10000
17038
14457
20492
25020
5313
4695
7151
659
14916
29196
30754
14597
14235
20201
24979
13037
46
29249
18287
20991
18069
2212
30293
19401
147
28868
32474
23436
1260
19178
1728
23298
28797
11252
10334
28456
17127
1549
27317
9057
29087
14342
6406
29922
21529
21121
9567
770
4557
15475
15436
24522
30095
1976
22122
19332
25456
22853
27874
4344
10504
21715
7390
15385
17727
11452
10577
12605
22479
27084
1590
25588
16669
24724
7291
1396
2640
11046
21788
23779
29033
17431
26051
2134
27175
23505
32088
21163
24473
27820
20052
31911
28290
11805
9459
22188
23203
3646
5980
17085
16540
27433
2254
5695
10305
32518
641
6104
30349
22537
15158
231
21430
27374
21545
90
15316
32576
30258
27583
19366
6140
17347
22767
24818
25694
1627
20700
7858
21171
7573
21655
17255
11927
29788
24523
9872
24817
4321
9692
7122
31518
7413
16897
26916
29638
25023
26183
17522
19090
20071
25836
21061
13570
11755
20850
16550
32402
12154
2146
23550
5438
16234
25802
5195
2446
25550
1017
25144
20770
12090
17562
25984
22727
5564
31991
24857
24174
3696
2989
11313
27262
3974
16693
6673
21193
7432
10945
66
5246
29593
18088
28510
4445
449
24687
12406
19362
4721
25402
422
27512
14633
13246
8859
30094
20308
17843
10551
26856
24982
28083
1251
23085
24488
9735
17075
3696
4625
9610
2710
12839
16347
23767
22850
851
29048
15509
4468
24272
14712
12156
3734
14469
11277
15651
521
15200
16408
8167
10900
25248
8410
724
15416
10319
25836
16895
27716
2015
25631
25128
14246
7379
8712
29726
31105
8886
29730
25836
17034
13185
3630
9433
19406
17975
26787
18622
14562
13834
29370
15394
27315
10718
15909
8772
12882
25560
4151
5887
22304
1598
27049
1762
25709
15822
11665
7125
18722
27552
32590
24982
31263
16428
15640
12612
6853
8909
19896
3284
19876
2579
31722
26874
6177
16227
3625
24838
24219
20216
8029
16163
14730
5109
17002
17957
15912
16827
3421
1889
29140
6540
15721
26180
7424
5663
30753
28755
4317
19827
29432
2547
25891
195
12522
4532
22677
15475
14306
30467
6886
10830
7770
13693
13244
8577
16780
206
27636
2468
10822
2479
28904
14125
29370
14781
19327
6094
25243
15950
9819
12794
10448
11159
22916
28256
30794
28755
6285
25002
29564
27576
5911
28208
10107
12727
8325
14292
21775
29235
12330
18604
12936
9101
15147
10559
2522
26867
26076
32623
31427
12598
22101
938
14777
10399
4485
23600
24634
2298
27493
17635
17665
18138
9910
1427
5852
24767
15536
29124
5007
19252
20673
16611
6882
28230
15890
19151
6962
1648
19063
21398
22141
23626
774
4629
17089
15383
9644
22781
31163
169
6316
26796
10211
13767
12589
17141
5787
6838
20008
11325
24939
25621
16405
9433
16908
25071
16006
22674
29158
13651
26964
11929
17186
7286
10675
23281
9292
4961
18702
16019
22908
2999
16623
6911
23712
12352
16070
18261
14560
4434
17446
18136
12070
280
22393
28265
23080
3601
12382
2738
19820
29812
7768
16957
25260
13208
18557
10886
29582
28656
583
3275
2378
26806
5217
28633
9042
24433
30845
25461
21939
23603
17055
2756
20297
20755
26334
14870
6472
24710
14717
20039
13423
29859
32675
24452
24463
20704
9379
20342
29109
21718
12214
30677
31035
18976
272
16942
23628
6916
23336
24217
5266
13219
9102
26064
24718
14416
3191
5384
28481
19705
32001
21075
31802
24605
11564
16407
13775
18353
28759
32674
7939
5240
31481
8614
8885
10659
16612
31211
23590
205
8645
10076
16035
21543
28503
27736
3321
15801
21400
12221
9536
4789
26964
7272
10630
14815
2424
25838
28199
306
3373
6007
13595
7465
32232
6687
1062
23839
8313
5540
22153
27550
30958
22220
10583
17977
22229
28066
25738
12955
27040
6529
25835
4089
25213
13793
169
3289
4775
4797
16842
19652
30437
28244
29149
6416
7558
29575
19367
25745
6510
14905
6030
7901
26954
1687
13462
26818
22903
8002
11468
5630
27630
23920
9567
3746
20811
8914
3469
16782
30794
428
29496
27026
29095
7833
22205
15906
17363
2784
12985
5181
28784
29102
883
10139
22391
29507
25036
17945
16946
231
31197
23433
13022
19999
31889
16144
23321
24977
31235
27384
31884
23140
24069
17436
7961
10583
10040
27752
12550
15767
10318
15607
8600
9278
8508
29285
26170
3515
12610
6817
20175
11547
28462
22459
29962
8389
27521
32400
8304
14496
20079
26440
10664
22937
29263
12322
14497
29684
13867
25138
32179
5149
8959
14794
3440
25912
24736
21916
12384
8175
10332
14977
5958
32241
32660
27123
24859
27361
27598
23363
18101
10860
13702
6936
23455
22353
3458
23225
22833
10898
31050
30366
12021
31144
10064
362
23827
17760
11964
29147
4584
9300
12717
31912
11887
14556
7939
14264
8171
32497
10967
8956
26375
8662
8318
23907
12061
6934
22079
135
10621
31048
4337
17840
17087
7734
6618
26465
19907
31264
21722
22293
19332
21796
21404
11885
6396
23988
3772
29453
2294
32154
9237
24515
10258
26559
15812
4948
31428
6782
29537
28874
6680
18210
2965
31727
13006
2769
8464
14943
21022
16990
23839
22971
2615
17781
17380
23706
2341
3636
12538
6067
9643
15178
3889
26823
4379
10968
19977
21016
13208
24355
13160
4558
31260
29000
25138
24620
31106
1669
9181
8451
24569
2221
14826
14322
7919
6818
4590
21210
30684
5294
12610
31438
30253
9257
15440
24111
621
24335
21809
3294
30458
11416
26000
22930
1265
10838
12363
9909
29047
18268
32079
2383
19218
17929
5467
13818
20696
8196
1877
6595
31298
5811
26476
27865
10785
4411
21358
5430
3615
18328
25013
25614
29324
28043
26542
25218
20666
29833
23903
8472
25535
10698
11955
10109
4140
26889
23147
10709
32186
26837
11717
28510
14961
23616
11456
10724
23313
18531
27515
28200
12738
17326
29718
30759
21378
8164
24212
22230
9832
13976
26731
29626
23491
28258
9317
2279
6100
28038
10276
975
14596
26843
14122
20576
29851
5534
16744
12478
2792
1998
28146
27071
8882
26825
5485
12187
32212
32289
14118
24525
7953
10039
4602
28229
8374
11253
5769
15518
23160
5840
27690
28672
17212
7444
15045
29327
17399
13803
1440
728
15580
6279
25634
11174
9430
29546
28186
1490
10000
19335
11865
2327
31964
3039
30238
16475
8312
18170
2158
6542
26840
23891
6873
16753
28282
4723
27193
1482
6974
4533
3839
6891
21328
14058
17308
17585
18335
10246
24479
31974
6371
4763
12717
30430
6747
26249
23042
18790
28974
3962
5750
20296
7034
192
17912
19033
18869
8415
17577
14150
27404
6176
27887
29261
21691
17695
6864
26516
15929
16023
21798
20318
13419
30182
29842
21196
29418
29978
8176
28854
25356
25435
32430
3618
5078
18221
27498
824
29734
32438
5862
29173
5975
32191
9130
28501
23274
29235
432
28576
2813
6714
23798
23291
14483
29209
27494
30103
12458
2027
1220
1821
3224
28734
5282
18444
5985
30295
18915
23534
31711
31207
12764
5994
15318
6081
6028
4953
26800
13417
4071
12806
22642
14240
7162
30145
1080
5330
6968
7618
27735
25462
26848
28827
27157
15801
29996
12716
13953
20969
21230
16872
6976
10439
13442
24894
15293
10706
7549
193
12957
8146
7859
7850
24301
6962
31656
3395
19142
4641
20079
26339
29300
8464
18377
2099
27177
16759
32345
5317
16944
6810
5951
17826
19244
29074
21041
8173
12057
10943
5898
7211
21420
22743
6424
31997
23904
28728
5240
1876
12677
12975
13065
19417
5150
28644
25098
11374
30812
27426
3281
10961
6216
12787
24412
8758
10059
18770
14570
8517
16483
19148
19496
134
28646
31838
4521
6783
8708
16101
21431
18152
17578
12917
16776
31212
7313
4886
6463
14034
15999
5605
30565
6732
7171
3434
19781
28983
809
6620
16808
123
18746
15103
15308
28773
1432
28452
15696
3631
20915
26282
16713
16423
20416
22449
23060
898
30424
29620
15797
26061
8132
8378
11939
28303
28832
11267
10954
15930
24111
31865
4754
28139
26262
7424
9598
8334
29020
21606
12635
19921
30485
9514
4260
10156
19470
20213
26363
29853
8032
30472
14636
11734
17944
1031
5457
11554
8647
15105
21630
17217
6060
20141
17209
31614
13563
24790
8674
2158
30383
23777
19550
22327
26810
14939
13991
6270
12410
22404
21758
6370
21124
4147
10570
19827
15869
18687
27757
27364
14878
8611
22625
1076
5468
24946
10462
15606
26340
1220
1053
17607
3466
28836
17147
1860
5473
13566
8629
12012
16847
9691
30625
908
7483
10518
2366
25720
7531
4334
8938
28410
7093
11554
6181
15141
122
22515
18429
28972
3182
10578
20328
26704
4103
27479
17481
8049
14945
18173
12273
13842
3888
12110
13635
32458
15585
6116
1890
21381
29367
28390
26820
7220
9556
25445
14536
26101
25919
13248
2679
11851
16802
467
1011
27890
6785
16851
14799
28176
3021
27142
16884
14598
28936
662
27440
16930
28944
23854
12802
18366
7140
11068
5933
4443
3046
23830
22258
25520
22181
28960
11630
14492
8595
19304
13154
4603
1300
7846
23626
5929
1665
6177
11046
30008
25391
17950
6094
1655
4750
23048
22584
25810
13846
24755
5982
23370
2593
13620
10186
31743
13743
31016
17651
14515
31470
12587
6151
13433
9666
31889
13204
20675
24484
17349
21605
19856
11129
18041
13068
32404
15455
6478
27172
451
17810
9901
24530
90
13852
29930
13665
31113
16059
30488
29643
12362
31946
22534
8283
25042
14014
7843
31627
2384
8637
13348
19847
2595
14954
9344
2465
16495
19805
6506
3496
20918
15240
3479
27253
21241
30413
18357
19168
18711
9060
10166
17540
18104
29918
20535
32113
13227
17944
4246
28219
3595
32265
5424
3098
5985
2468
30009
31652
25553
25517
2496
19383
5046
6207
29884
2808
13537
20276
7376
14291
13913
15393
17679
6203
28913
28342
8602
1490
18558
28656
5115
25142
29014
17755
24726
17678
22788
10544
4807
19811
9887
11988
5605
2523
14643
816
876
16510
9906
1867
22241
30988
12905
16888
9982
5193
1379
11195
7958
24975
32387
32398
23085
25446
23667
15157
20634
18335
10642
27571
20657
11477
24182
15109
18532
12223
20798
28476
22958
28282
4305
18180
5379
2351
8536
14177
18829
25567
28022
29932
26600
14099
21959
14060
29058
10251
27624
27779
11291
10482
23475
31144
4276
6657
23430
26493
26495
32135
11236
10065
21896
31301
23622
7101
11614
4678
20324
21573
16157
17211
3725
20809
19510
8830
5414
8517
22515
7261
22169
32654
880
22044
19015
13968
20903
17485
7844
23187
342
16242
28710
31830
32294
6643
24574
16085
11170
12401
2439
4632
7141
30891
17233
13257
29936
16502
11421
4570
6686
25519
12354
20278
2300
29049
22521
16745
24439
13181
24904
22186
22557
6042
3954
14889
26023
28304
22045
18635
15240
25875
30061
31017
9247
10553
32756
29444
8909
27735
26732
6372
20882
2105
24431
6596
11567
5370
16900
8098
20224
11887
8486
20031
16440
17763
28130
11527
22289
13048
20943
4532
27915
8622
14120
10400
16834
25915
5585
29772
23349
9793
30328
19828
4638
8037
11063
23980
25539
22092
17838
25252
5188
6730
6791
19091
3426
14341
26009
9479
29563
12497
5015
17521
1856
8951
3630
11595
14935
9877
7802
26087
8859
272
23785
30752
9657
8179
5424
10013
27395
15126
16361
31751
18886
7953
10012
15090
9127
18217
30659
13249
19036
3436
17413
20873
32466
16579
26437
28300
10977
14489
20372
7974
4816
17166
25332
11729
2865
17117
29502
1952
15765
9752
10686
14361
13030
23163
26137
32325
31138
3844
24907
13080
4318
26997
1214
803
11619
16845
12655
8865
11639
6661
25444
23933
16215
31679
22953
30732
5672
7956
23425
12806
13702
29352
2013
30072
7677
867
6235
10800
29308
14680
18134
16567
17886
8647
6204
16699
15962
8961
12940
10737
7679
24086
3128
26642
7954
2051
7940
24149
7925
1418
17871
8314
12051
18089
13615
17375
5605
30005
1915
24000
28559
18769
29380
10692
7875
19952
18651
12683
18840
15395
13342
11041
17457
11794
10016
21034
29015
4527
9055
29066
17768
17086
24310
5541
13069
11649
3154
583
12365
14073
8149
430
26494
9315
7931
9870
14357
28155
31177
7661
21325
913
19040
885
11263
1957
30207
22028
13170
2242
6171
10444
4314
24153
10727
14543
23527
19299
32263
15803
19089
10709
49
8861
12814
22634
17406
4632
1059
21483
3320
31960
28551
3456
24003
17746
12094
15449
286
5865
18284
1425
29428
6574
3583
27769
14459
19013
13959
1844
4213
2731
25970
9003
26783
17512
14953
24769
18652
5972
15464
24529
18147
4985
28865
10753
11640
18128
11703
28401
18902
3966
7914
16084
30475
9905
18777
9919
19720
22290
30107
13149
8151
26215
13336
12354
22224
30010
29769
236
2729
25238
9264
20570
26857
8805
14128
13542
5160
1907
13885
32062
29751
28296
12477
32198
32610
4588
9793
9531
30166
18140
16124
14583
31640
28480
24840
25556
5561
13723
2656
16403
14526
24482
12202
23531
21243
4200
21098
26733
25287
2468
32085
898
30019
15363
29245
16517
2433
31360
5734
9636
20626
10917
18072
12010
9944
14819
27397
17089
13070
2836
21182
27660
16719
20277
18658
10145
17208
10606
3322
2613
18455
27502
7490
30302
11690
2568
21153
24009
28724
5640
9850
6996
22399
32085
808
15836
24253
32408
14327
25613
11478
17555
16464
22376
31356
6472
1171
3260
19014
27916
19850
22328
24275
1675
15453
2604
23267
4107
20076
17016
28182
8781
7601
1406
16254
5658
9137
19719
7913
25521
13477
28301
11008
11011
288
27634
28837
2950
16293
2688
719
4444
16876
9734
31558
28283
24526
29976
12353
8477
11759
23187
29539
7424
11104
21110
26216
27949
26044
11019
5777
19135
31408
27087
16986
20637
7636
30097
5631
10796
14282
18410
31599
17337
21109
2686
24076
32246
11537
21339
6645
13985
8959
11664
26798
12564
12736
25476
6554
3833
14755
10608
6216
23743
1288
23810
27545
12753
12487
194
19783
4156
22134
6974
11194
26581
1918
2885
1900
32540
17057
2312
1207
12944
14491
1137
15408
13063
19485
5519
29698
21744
26049
3648
10456
3168
9427
9916
6253
17093
12088
3961
27529
31526
504
30487
13270
24307
20314
17890
10709
31845
173
5180
10618
13399
23723
27110
3803
30360
11752
5421
18227
1172
19084
28063
31691
22770
598
5881
27691
15113
23121
2157
11600
5278
18810
2064
369
10584
31895
16293
2247
21149
24211
5838
13259
4402
29469
13838
27712
25248
8245
14526
20193
13201
7180
23751
19534
18071
32592
24881
27621
7880
31299
22194
18790
22084
11738
27476
32230
13855
21866
22709
28843
9106
23992
24677
10190
31205
13393
19799
16295
7659
23863
24511
3031
23770
11143
26467
14536
4456
32095
8976
3733
2459
14075
15742
14097
31921
21039
4911
3209
10480
19279
20310
6611
6807
25444
29728
32302
4451
9049
13497
6972
11699
22930
4292
19930
9034
27283
2379
16215
4997
11641
31568
28115
28667
1779
27972
7720
31393
6332
6194
774
16255
21483
2658
24228
5412
8086
23783
27716
1344
22261
3385
19858
16584
15357
27474
1283
7595
24598
17924
23810
19564
21959
14164
29377
26928
22250
18119
19173
9138
9794
23163
26598
24723
1305
22529
24286
17226
26610
25571
25251
15458
21571
15190
4058
16395
19207
21746
27701
19238
21070
9267
5742
4219
10847
933
26715
28266
31292
31126
28190
1992
26601
32209
19847
25091
27584
8834
9923
1457
13538
28622
28159
3281
9039
10288
4205
5317
5794
6812
31897
11586
30584
32105
7743
18654
30108
24780
9066
1148
30879
18607
25922
22002
16272
5733
467
29178
30529
29229
28582
2445
16814
2121
10368
8469
3941
15476
5606
15995
8468
23858
12347
9817
14658
11721
3971
2136
24457
8619
25103
19631
4902
24078
30268
29834
12511
6431
32574
23995
18993
32591
12753
18103
13776
27822
21214
6962
32149
17191
19358
9543
32541
32325
5661
32758
4280
24239
25227
8895
19975
16586
3604
23019
3843
10382
11860
5162
26139
5448
20124
27577
31924
12988
4401
18499
16345
18390
20813
17523
26451
4642
30409
9092
14160
4727
31389
31426
27314
28216
23777
17263
11937
26827
9723
4692
2471
24273
6896
11143
24044
26415
30557
3659
7269
19874
21121
6375
5481
12663
984
23448
663
16227
8774
16732
8899
15630
2624
10416
30056
1440
2408
14502
22063
10375
18504
4172
6064
15095
15558
11395
22255
3198
12679
17253
13986
1578
17848
22934
2532
2721
32284
7886
9602
11800
14512
27111
25889
31485
2916
3761
15425
26244
2122
22473
31903
14650
7116
10402
19028
26587
26922
27737
24215
4223
10809
16924
29602
6193
21032
22549
31496
24633
24748
22255
8823
21900
23896
30064
9749
13580
20432
31944
14736
15529
11755
22648
19168
25629
16657
25029
20401
31088
11046
21470
11657
13900
29114
3215
3861
13104
18590
9605
24814
14329
24048
18120
1157
15204
15487
23630
3800
16576
3054
21788
18012
32630
7703
4243
23864
3084
27034
11415
10078
10083
1239
16252
1839
14427
5521
30160
17725
19627
7980
3313
16852
1533
17021
11250
13728
8751
32043
11268
19947
8300
9937
29992
7424
10468
18417
21446
28157
2124
17579
18111
22228
32202
23690
26763
32657
8846
7020
20986
6641
21513
15664
15628
27105
22821
18757
21681
14155
23080
12936
7269
11852
360
3423
4341
29310
25156
3701
14845
13905
4564
5968
13370
1638
20641
32259
11976
26872
8734
26791
25600
30731
20561
11435
6588
16848
20176
19464
14422
7265
14547
25579
3603
8390
26451
10566
19086
16908
23227
19668
4394
24141
9417
2169
26486
13169
31102
31033
5257
22268
31545
1516
20480
28059
4903
2259
2002
7710
29748
7413
22135
11443
12700
7666
1215
18257
13822
24428
24191
26556
1984
30105
8930
19853
29139
31708
20332
31013
1547
22324
17070
26360
10931
481
4706
24926
30303
323
29714
29808
2825
9914
10362
5695
15536
31740
3320
8946
25544
26158
1036
26564
8611
25113
31109
17645
21875
5292
12464
4476
819
6792
1914
2488
7170
29070
13311
24408
16576
13513
1278
21166
21806
17975
23692
9889
18186
29198
32573
9479
4791
15288
13624
10765
22072
32200
28437
32702
18321
5129
2158
5235
3536
29411
18112
30511
12786
8639
9787
10251
7004
21667
20089
3866
12048
27136
19232
11335
10043
9054
30097
7038
11153
31243
3028
10606
12978
28576
12137
12868
16822
12943
23845
12176
6328
23734
28846
24799
20931
31365
22102
25577
26621
11242
16045
26207
1200
27348
2878
8555
7352
4329
23296
6823
21612
949
29180
29318
24522
28270
14156
1784
6933
6668
7888
7284
12053
15899
6296
12296
28209
28982
14355
1644
20552
26228
2272
26640
10880
30505
24255
27252
27781
9682
9591
16995
13111
28921
31564
22379
18038
39
3349
7498
30008
25845
16424
11895
10482
22143
15731
171
1870
14958
3165
11952
19648
23553
21066
32487
2220
818
19006
18605
26888
10749
21581
8695
6979
28067
5375
8938
23640
15796
11075
27444
15030
4715
19995
32762
9558
28657
26236
31340
935
1618
13065
19011
6420
8589
20974
1379
25095
15054
26707
12022
14425
2406
17947
16746
21249
1637
32395
5660
10885
13245
30061
31417
2836
26199
3863
13669
6270
3109
26482
28147
31265
5799
15626
470
5957
13227
8485
7429
19768
11172
10890
20872
26438
18963
17959
27316
3549
19252
25918
27830
19846
20731
5677
31349
13631
28520
7574
30370
14539
11274
24833
8016
31862
14008
10245
4792
31173
4242
1094
12453
21328
20898
1167
26129
4407
26648
1489
26110
18122
603
14802
2607
19621
4579
27692
18207
18922
22558
16686
15238
3200
19964
27368
11628
3554
2172
10082
13479
26765
4565
23192
28852
25240
31087
7551
10529
15651
28099
13176
18358
2880
6202
15548
5496
5176
28502
2
15512
18581
25204
12816
27054
22752
23381
14068
22936
5045
28446
11961
6487
20141
26028
13690
30321
9041
19570
27961
24396
6696
30170
27373
2331
21807
16196
3004
28538
17815
26875
30387
30326
25043
8118
1044
26282
11498
22291
12741
1136
28900
16134
9050
6223
32430
26715
24033
30269
22414
27520
15306
21473
27616
19790
29482
20420
29259
21146
1455
19311
2437
2868
4214
21747
14780
5406
6006
24833
16350
5283
2190
22611
28995
26579
26123
2081
14335
18410
5055
31169
6074
17061
32623
4047
4093
22869
23808
13873
28470
19376
11363
14698
29575
19699
32623
31194
31069
19164
18819
22882
16463
13774
10192
31150
12091
20288
29757
739
5310
24879
2483
25393
25096
10902
6424
2476
32699
27528
21974
29179
13440
32139
27068
15894
12099
342
18914
12071
20422
21668
3427
2808
21258
14168
31710
20962
27837
561
25253
24010
13807
28176
6850
18217
31035
20753
18519
28243
5455
9438
3255
24845
22715
30392
22923
15231
10151
976
22352
21412
22660
21842
10650
23384
6135
30431
22538
3566
11314
16274
16190
10284
29514
1162
6932
25763
9947
4081
14289
32766
12554
6276
6176
6442
9383
20871
30911
28934
28091
16578
12001
19711
10204
860
5043
1007
181
7502
5846
16214
24756
18835
28213
32620
4118
15523
10725
3519
30496
5155
16781
18039
14910
27755
847
18949
14027
23773
14197
195
12944
12662
29727
16157
10024
29448
18072
12587
13
1736
28888
5973
20287
27618
24062
29571
22933
23969
7124
10476
7971
16562
28423
26986
28466
24827
16054
14195
7268
3207
8742
30011
13516
29793
10172
12454
31458
12465
14609
15650
14430
22973
10085
31233
24938
12707
25682
861
23919
24186
18995
23372
32052
25126
14005
24033
26006
4305
13520
19542
22958
24674
30175
6893
25932
5498
12471
23038
21742
26116
15233
18784
22973
2350
12414
14343
4059
30330
18361
23698
4642
31529
18725
13270
20013
645
30633
7548
25705
17489
12976
24063
19352
9549
2787
16021
13494
14702
31141
23806
20950
22160
18394
22736
29237
301
25087
22478
12997
9280
3726
15761
8253
4507
24271
166
17945
5901
26413
25770
3690
21144
8426
26496
15342
3106
15528
29564
3014
4146
23591
6402
28655
16715
25224
32038
609
22268
28417
22277
16610
22959
32363
13886
8452
4009
17353
25460
3298
908
3383
18281
31638
26342
13526
27876
7129
17552
32248
11533
17184
2357
6281
569
30301
3174
3377
8507
11068
9009
6371
2950
5009
9431
20715
2332
7334
28636
31226
4480
895
16144
29559
13727
1726
16389
17566
29110
3107
30027
4195
23844
32585
21305
20154
14672
25204
14205
31825
17745
27700
27235
4751
27968
7919
2483
20490
29324
29968
8656
3235
23502
12913
14944
13844
547
26365
3422
8473
12617
28752
7838
21735
14470
4504
4845
5615
7905
25819
31207
25393
16325
24260
16188
7898
11743
14284
24403
23500
15502
15852
1802
14586
11613
21111
6203
20374
10298
12560
9481
2660
20591
26398
31671
23317
30863
1734
18723
23076
7974
4638
7754
12550
1794
11369
18504
8237
30391
1619
20341
5757
31566
23190
23391
22782
12273
5655
25387
21943
349
12992
6672
9413
9883
3760
27050
18434
14771
21353
18907
453
25065
11549
865
28169
4696
3995
9631
30636
27714
31888
192
17535
2909
2635
19086
27387
11235
20765
18955
19859
31449
17380
15680
28162
31248
27658
9830
13254
9700
13274
19535
25849
13245
16814
7955
17630
25176
16170
28227
1791
21596
2392
11886
25258
6712
4291
5157
18598
6896
12005
18652
28980
17639
22178
23126
20623
31167
31168
26237
18675
24563
30415
4848
2387
17390
29537
4252
12130
19765
21406
25781
13648
13424
23500
20547
7428
2572
15374
15868
7482
22873
30387
3686
19551
30333
18333
6870
30891
23504
16498
15194
16362
16630
22661
14579
692
5706
28185
22806
20211
25887
26185
28928
18742
11877
29416
6588
15633
21389
1546
8949
1182
14852
32025
218
3548
3332
1855
20530
2101
31959
13301
15531
5677
27157
14118
16429
19488
27733
18212
13101
23398
4748
13663
2820
14813
578
28514
9799
2744
14528
27002
23231
16359
32412
27345
32440
1996
6521
29562
27927
4793
18680
20923
30991
23531
24951
25231
14091
17065
32363
18621
3381
12276
16524
10618
5965
23152
11149
25102
2289
5563
14290
20507
19384
23093
29432
4107
22001
27588
14208
29356
5992
18041
20084
23961
2545
13325
26479
16978
20879
11861
20282
8706
21498
20510
26146
26472
4815
32703
28856
32504
27647
13909
8243
5861
7853
1684
8033
10394
10847
31989
30543
31217
30276
8563
17258
2786
2250
11755
15246
8941
8419
13332
18631
7914
6359
20398
15782
6032
5595
412
19898
10883
14538
29165
8217
19002
22223
19663
16065
2885
298
4750
16335
13911
10064
11077
16629
15989
7415
14334
15520
28014
1141
21529
25122
17843
32038
32716
23157
22030
24198
18538
14510
24696
32420
23301
13722
8019
7897
23035
30651
10899
17056
13552
31643
11490
19604
11672
23671
6269
20221
31206
5783
6494
28449
29307
4217
6759
2466
32650
31421
10204
7550
27632
590
23882
19445
19812
27585
21531
24207
2096
5937
5879
17323
9145
28442
9143
25350
11472
15775
9901
20926
7836
12777
19195
12238
15668
9109
15952
12899
8802
27958
9522
1142
27958
799
9933
31477
28664
11686
30792
27536
16015
12768
8
6540
17020
1240
12043
7725
13257
29682
13524
1798
17514
9740
7476
27849
7262
8062
15572
13230
26484
30183
6895
29047
26332
30201
18706
30232
11383
29509
21154
5730
12026
19858
21532
31592
7232
28143
27674
22686
2775
23130
29622
27224
18704
31383
31924
19976
28880
1034
13816
26365
5839
8694
15612
18751
20839
25938
30513
26055
28674
17082
16886
10685
15161
22486
15763
7343
13738
26602
26795
18274
12616
30262
24769
23220
28517
26303
10074
4532
26713
24429
29778
20454
14212
17339
22031
2282
27863
12886
14788
3295
13336
6743
25000
885
3350
19425
15572
15763
13158
9886
22077
20537
3943
23674
24716
12160
3710
29526
15706
3686
30784
26443
3113
30148
9136
179
8056
14868
13077
26054
20204
31447
20550
18706
22728
22389
21116
44
30745
27531
4181
24718
14109
1353
31836
7895
15639
17672
15463
13305
21987
10800
19635
7774
12697
19613
5372
25567
26462
25202
15223
15123
27756
16396
23409
25518
22380
3633
16431
23269
31268
21243
30256
1209
3714
32127
16095
12430
25419
21914
30255
3605
15981
29784
30540
11590
3151
10354
376
2444
20057
29767
305
20338
27028
489
6772
28392
30769
4691
2741
301
12872
9111
13235
28185
11294
558
13851
14855
16197
23365
18896
11123
8674
1562
20578
31643
2283
4214
20117
8695
25623
17839
31343
18855
3231
17165
13199
1380
29112
28421
20211
21710
23142
27857
14895
8126
4829
2605
5412
10184
18788
30859
11156
5983
31801
12581
30823
14220
22664
23024
17639
7085
10233
32419
489
31
12966
27955
17184
9726
21855
27036
10452
3208
14987
32524
5167
16337
23770
8363
17809
13602
32526
6040
3259
300
4749
26824
19836
3840
30881
15886
9322
13547
25580
10341
4862
27062
14331
31984
7560
23332
13531
9455
30251
1228
29941
614
3977
32749
24981
1796
13595
5209
3565
21472
6701
1299
16635
13489
1995
14053
10510
25472
1835
6828
20207
21674
2368
20857
3920
1920
29850
10999
19774
12169
26745
2050
26447
10327
9722
29012
31379
19341
11725
30203
25568
2044
25265
23903
18627
9210
997
17502
9594
8299
21176
23350
13979
552
11494
22533
19821
13383
21007
29104
27179
17581
22120
19391
1728
17295
7762
13134
19957
14785
25655
31721
162
11273
13122
18728
8366
5545
16278
12288
21592
25302
31556
20609
934
16028
101
2031
26507
1766
289
8492
28749
21877
31283
19781
32126
24812
20776
11567
24
15696
29444
19547
9730
27386
30122
29092
30448
8203
28425
30360
3099
31094
22186
23648
15829
31277
20799
3947
28778
23150
3325
27309
3403
18620
16547
17919
10573
10436
6022
32737
18976
3248
13358
25810
7268
2433
13673
8343
21792
18037
23283
14629
27039
30905
15643
14806
11835
22237
122
21607
21482
17370
18296
8561
2193
5994
19215
25255
27893
28877
22390
9022
30151
2009
30165
5192
4887
30550
23607
14789
16670
16293
9508
24356
14311
15751
3626
10054
27083
14423
2803
26076
31538
5230
29724
6831
27031
19553
5816
16467
8471
6446
23129
4899
2028
6401
8206
2671
2235
19404
24818
17398
21976
1439
14725
3054
22364
23609
18813
14614
21600
2381
21700
6470
22594
24852
29045
19927
5971
20838
13376
26729
32100
26727
32234
7782
30790
20718
23277
13727
4647
27758
20850
12190
27736
2635
434
22140
28174
24148
2858
3921
9680
8009
31218
11680
29752
17078
20731
8305
27014
3399
21570
16286
19714
16707
21981
16650
1401
23532
29067
7031
13325
25320
31698
9867
8630
16746
18683
472
5157
12392
32636
23513
7734
30057
23790
6459
5885
21507
12552
6583
30294
6833
3425
5132
13215
8446
7687
7951
17945
6868
23053
13714
7327
5825
24027
5466
25827
1384
8720
23104
9558
28373
1861
24436
27663
24356
25950
14901
453
19716
11
3991
8273
24570
16683
4305
17446
14415
594
22496
19244
15581
1457
19222
13388
27895
2632
2020
17837
28582
6511
25614
22148
9731
7126
9183
8867
6994
12257
30963
12666
22432
19439
17006
29000
15019
26095
25746
18066
13634
139
18265
25609
4373
6363
25681
3791
18723
18680
18157
10182
16866
7201
28683
31300
4738
14145
11683
14428
9985
19618
11887
10545
4025
17159
13760
1472
1048
17779
1297
24506
19387
4607
7059
24398
19
30068
11233
27600
24262
10062
5757
5665
25019
26278
16751
24579
778
14464
31172
27893
24035
28024
5900
7527
26790
10297
26704
4807
25503
29965
25611
12104
12406
15237
7445
3538
5468
24439
8817
21120
1721
24786
4910
17371
32448
29852
20822
28611
9203
19514
29959
22051
9727
14202
23438
491
2663
31169
10569
12389
24802
8530
17517
1718
13719
30207
30632
24831
4528
26789
23759
21308
5834
19541
6450
17499
27875
14507
1034
17892
2346
16462
22104
22302
1725
7273
20669
20656
32766
3492
18575
12637
23314
706
4980
23459
18218
9089
60
2862
2060
26635
16051
6356
4385
9317
7502
31235
24840
23709
27347
17999
28928
16742
16359
30534
6183
13940
32442
4791
26449
6665
25669
1462
2568
13420
15525
3582
16211
25234
30709
4825
5615
6558
22557
66
889
11113
10774
10538
15919
10979
18332
27027
23053
19044
27588
5491
13117
4441
6487
23706
14177
27622
2604
26413
18607
28428
10545
25657
700
9216
32687
24437
3792
10332
25002
28260
27537
5627
5448
21439
24969
32282
23927
25002
1446
28991
26741
3442
14549
18231
8751
20028
21855
24372
1178
20493
15022
4563
27152
27726
11718
13220
29110
32081
26698
31040
32734
23041
4883
19332
21112
18967
21368
1900
25438
23365
11035
5901
30774
19220
5934
32465
31588
6867
15135
6203
29795
11630
17852
26278
9360
3084
32426
2028
21793
29012
57
10873
7085
8186
1793
25337
1822
27775
3961
469
19616
17139
3486
6730
3814
22674
1244
13989
14144
20022
26486
3924
28848
20302
11945
29095
8685
1337
28610
17746
17565
14272
19054
3395
17979
28863
14871
24339
28189
23472
10079
25241
18965
17975
18749
21229
24615
16137
27526
13535
8753
32486
20282
8309
29623
6333
11431
18069
32085
4126
10459
24963
145
12444
22138
443
22526
7842
24233
23160
13322
2143
12893
8746
3704
30688
9193
12206
28049
29659
17852
29159
3693
10483
30271
22997
22004
14144
1534
7436
16086
29349
22861
21919
15508
16026
9914
12374
2876
6484
2586
21637
257
27674
16121
3668
15612
27413
19262
28591
24795
2428
21611
17934
17330
30172
19157
7730
26472
24267
5290
19185
16421
31799
13325
18152
15930
4337
32511
21849
21657
3846
29116
1429
10798
27345
17970
14282
14271
30947
1939
1018
7168
24034
22412
15583
26451
8501
23044
29267
18850
26999
16798
903
13973
31172
25834
20204
3280
22221
21022
26027
19432
6886
2486
4228
25438
12699
17977
26186
7259
8663
14732
11735
9882
19423
21288
31274
28277
22126
21501
9144
17200
10488
26683
13814
20629
7413
14347
6694
14155
10574
18348
28229
29886
602
29585
28201
654
27544
321
26992
17259
20358
5553
6259
20676
548
18328
31163
1895
10175
9371
18623
13463
24922
2829
8430
6364
5213
30510
29945
11394
4468
1023
28463
30452
9488
22802
21995
22273
3816
19263
14144
2600
968
17768
16524
13469
28909
1237
17358
4513
29360
10024
13492
13168
12339
8121
26485
15073
3712
10987
22930
2524
25778
4345
29446
5743
32447
27096
8582
29293
2791
378
6482
5850
29343
12895
14422
9344
31206
7490
27696
30567
4204
24910
26790
8233
6515
1149
18416
6676
19597
24717
28684
15975
26830
22389
29619
4480
1073
12626
831
11343
6384
26246
1438
32240
16012
25858
4193
21115
6275
17678
18253
15420
17478
24672
29866
23905
10753
12815
4189
25727
30900
6015
5671
24671
12128
25784
4274
12978
24546
8325
1805
27084
31387
25692
2144
27331
19048
5946
709
343
11035
12249
20675
18804
7553
16799
13855
20017
1392
14898
16159
13594
20297
826
32111
10585
19630
22292
6647
26416
13564
17275
17289
351
9450
8190
2287
2314
8819
13578
25134
28637
8849
5880
29838
14899
5351
28315
11389
25472
10018
18979
32195
6133
22112
20452
10268
20700
8495
12647
5070
31057
30159
8474
25162
1584
22071
17515
24609
17237
10986
27492
817
9533
31342
877
5509
27366
18674
17236
20660
32529
17081
10001
26199
31818
27770
24453
19918
11974
21362
2222
30239
3972
20734
32712
16928
17442
13498
9462
14988
28568
5410
8038
4929
19294
5575
25679
2812
25458
32012
22956
17547
3713
23357
13925
22929
25421
5253
12942
12201
978
22579
5693
3823
4387
20480
25676
29508
32253
9309
24973
11111
2873
21776
10715
7248
24007
20321
7444
5825
32112
25036
16068
17334
7225
5717
10688
13016
6445
150
11917
27034
4703
10025
11089
28528
10274
26195
1555
28984
11042
31273
14159
17039
19109
19310
22560
20214
268
30111
11876
12527
21250
10911
25876
4194
16283
28371
4537
7642
28551
6405
13667
91
27709
9656
1291
6294
16457
31200
28389
15549
13029
31095
673
12748
32054
8985
21552
11905
15672
11909
23054
25095
15598
22123
8197
25510
17694
24287
8049
27580
5189
17615
6460
16217
1663
6890
9746
1670
20848
14353
8465
29389
5411
25110
16038
15712
1664
18543
32109
16056
10560
25657
3502
15175
24290
31362
4278
21738
25312
4532
27292
20522
10157
26135
29143
23594
27919
8759
731
32608
507
13871
29352
7702
13954
18361
29046
31707
27668
11272
21870
11393
32572
20379
30114
24
10454
8722
778
15999
2406
12893
9695
30618
14150
24402
4720
7338
565
758
31649
13471
21663
9300
3426
20411
9606
15311
4942
32175
30048
2647
25706
7179
9556
27788
1353
8230
18348
7635
8976
3743
30865
12679
14761
4673
2478
12540
8777
7599
29605
25491
27466
31047
15955
24726
16585
26814
13785
15156
29002
21619
25153
16118
18256
30028
25299
7711
8769
29059
3164
1216
5397
18638
20678
9481
32712
21077
30974
28234
23152
5376
27867
12912
31303
27708
28002
20226
15072
30674
6168
1299
25539
13227
22206
24951
32742
1320
14584
12824
25817
6514
8663
25328
7748
13181
3241
17248
29821
21378
249
27035
30151
2089
18538
20987
28575
18265
12413
32378
9107
13101
3613
8042
30684
8158
26000
27081
16511
27044
15213
8887
20208
5334
3928
6627
10807
2041
32719
30136
10469
24266
12246
14374
19040
9611
30047
17393
16141
2539
15998
24952
18360
12417
1882
12952
15382
1302
1116
20352
1104
11143
16821
1453
10113
7560
27282
20349
20740
31779
25690
24937
22741
11582
28877
25288
17066
16537
11441
21548
5842
23143
13918
2966
17903
22895
12544
12045
12240
16376
18454
14010
9457
1309
22630
8505
20993
26527
5294
24472
32005
30678
7440
18161
8358
31902
8925
5315
14780
1674
29945
14208
25021
26202
18147
1630
12013
345
6930
31384
12157
17143
863
30279
15022
9295
31585
9029
12119
803
4039
1517
7423
10635
31204
2736
13759
18433
18640
1734
22284
3487
26976
16339
23256
20686
8822
12568
19507
15146
27977
4775
18828
6863
9113
19493
20416
19155
3305
9078
18596
16671
31174
16621
7566
22719
7671
25544
32000
19463
8373
25278
24144
1920
8582
28989
6977
20291
22853
27832
14052
21157
32290
10450
11182
25513
11037
7828
5255
13374
4025
30777
2506
22529
11599
15823
25310
26771
10096
25551
13376
23097
325
5816
3994
21467
26892
11120
31109
17823
2829
10066
4660
13429
6607
29599
28488
6125
27210
13798
13127
8710
17481
18619
5919
3105
514
735
5845
14895
28247
7530
21215
12297
11852
12522
29146
14682
34
21484
19513
13200
17922
24033
6182
27641
26647
21907
15175
20419
8606
16798
28868
3875
23935
21213
15877
21346
22073
17760
20004
19633
12017
31636
21004
11285
6930
27954
6049
1887
1293
22774
3221
3571
27104
11974
25790
2219
14703
23454
28151
10769
24310
4313
15216
24956
20342
19513
25618
4351
5425
28267
18490
22703
24807
26482
28583
27245
7118
3257
25696
27863
15518
22501
12753
14764
2014
12419
30802
21252
18691
3205
4256
6902
5274
18234
13449
16149
2323
25433
4350
8152
12930
6593
31383
28511
23269
619
30790
24804
7827
31697
29395
11861
28675
27519
27533
31178
19850
8102
22348
27718
28033
26770
31103
10658
19415
18061
25286
16064
19947
7875
19930
12729
5263
19323
6049
26071
11081
27173
20307
28075
1450
24087
16584
11066
11233
16964
15523
2869
18965
23502
28482
23612
31286
9511
16557
15065
6426
7387
30289
20999
30275
21342
18045
30047
21851
24605
8310
9377
25849
9500
2012
13273
8064
12015
22588
328
20637
30525
18243
7615
9561
3631
12391
20235
30957
14072
31878
22961
32366
7965
26058
21193
8406
29967
25921
3712
11569
5210
17875
15199
32161
23495
30130
10953
4930
2624
1972
21002
15464
21035
15826
25730
7585
29730
8365
20230
16523
4342
10513
9461
23359
13729
30133
30833
30723
18464
23649
833
8525
18755
21539
19079
4593
6530
26232
32315
30033
14154
2052
18325
3166
31725
5343
29134
18614
11319
26903
5402
1628
10507
21064
11083
21656
22726
23682
24530
1604
29173
8244
27156
28656
202
20801
7964
8649
15305
16399
12046
31217
16608
26980
25737
28429
23134
23263
5748
16348
15587
468
14479
13977
2129
2205
6237
9260
19437
23922
2842
29761
3643
21351
4967
1195
12045
13236
4242
26969
29733
16090
1295
10414
20067
21932
9416
30036
3971
25696
4756
25072
27865
21527
28113
22673
21095
4312
3367
10525
12716
19119
11047
18400
18454
9048
1062
2522
26560
6996
25572
16260
4237
11841
21928
5604
17048
12281
9330
16087
18797
13816
16094
31400
16927
2621
23318
3329
19911
23607
9659
16053
28822
12131
10911
26709
16196
15028
659
3251
20697
23569
27097
14782
26869
27651
28786
27715
16937
6523
31066
14114
15923
3770
3911
14171
23383
18459
8597
27982
11630
8919
31004
9354
30607
3552
1854
31455
32463
2295
5708
22556
13741
1272
17135
27082
26240
31929
28291
2663
6796
26786
27902
9601
26134
16603
30042
609
21359
9919
17949
22114
31957
11121
18235
10642
21561
5697
16224
23946
19452
15597
30457
3897
7767
3516
28685
4199
23360
43
8251
8722
23526
5745
26801
15537
17929
32113
11522
26913
11606
27453
6802
29690
10447
21108
28231
12044
20545
27757
28189
28645
18229
2793
347
32653
6485
19163
4305
19014
17381
1096
13591
12891
31884
20585
15946
31047
20610
14041
8321
7717
6933
317
27491
13504
11664
1224
29060
11874
14910
25830
23043
155
26220
25382
30330
29133
27409
19255
3353
30359
18567
22046
1745
3312
2318
13294
3244
8664
29533
6328
26815
1434
27641
13199
2949
1023
30393
467
23947
31307
26550
25739
7251
13192
16243
16803
21288
6202
5912
20819
9436
2985
8884
2686
28364
14006
27154
24251
19784
21081
29702
21394
10913
12561
30373
30757
25283
6463
12527
14440
15682
14612
4338
12966
20434
30006
21611
27346
11806
29586
13777
12839
8745
13734
17470
26263
17515
21207
17883
15566
12659
10969
18952
28266
6797
20382
6527
1027
31077
1449
11766
9805
9910
10872
27750
14924
561
7829
20926
9430
29402
22048
28969
20530
3583
28479
17625
3138
31771
24772
6802
9923
29166
18586
1550
2234
6581
28442
8678
5376
22349
16059
28259
14635
29498
30452
11210
27544
26390
1858
3791
22277
9477
32017
27053
2305
11050
25316
32230
5075
15438
17853
32537
32490
21772
5919
12367
7859
6469
13455
9103
4427
4982
16021
26423
30351
25974
18773
3264
16504
10344
21580
20334
18073
748
2044
16861
7738
12519
10362
8128
7916
20995
28065
3376
27079
2081
24325
20198
24890
21859
4361
2483
20271
9783
3814
21616
1638
9442
4059
11399
30958
30133
17263
15860
31203
25930
3744
26734
5224
27917
30593
30504
26325
11921
20445
16342
14945
14653
603
24228
4771
4562
6596
9935
1881
27639
13031
2834
29704
28411
10363
15053
5128
8233
25755
13656
12494
13411
4138
21536
8908
12245
30585
20742
5548
30248
20012
23150
30281
21658
2124
23647
28453
1830
3391
17320
19990
3908
29098
1523
13404
8039
18589
31100
15979
25655
30564
20905
26490
14080
8472
17381
31161
4523
2258
8496
26027
28697
4728
2416
10607
17220
16617
2701
15266
15842
32110
27710
26017
24761
17853
153
29609
26398
25556
30473
712
20422
21990
6046
12137
8344
1810
24953
22305
27025
17501
26550
913
9467
23638
19564
21309
23621
30337
7418
1591
1753
7632
32738
30275
12812
28408
32609
28860
32050
3571
22162
3476
8194
1477
29261
16266
3971
29166
32210
28205
27699
17382
19487
8278
11870
22652
14167
15984
20021
12306
4337
31159
30686
19610
6441
2429
8286
7086
16449
30775
28361
27707
17776
17955
22864
8588
3101
1380
28682
22056
24035
28909
27980
10239
22999
27147
170
13224
5987
26469
17609
2230
27711
15219
15284
16291
3370
17696
26874
1478
19379
21808
27162
29837
2153
11161
419
1968
21213
12363
10507
12107
3863
20768
13775
24950
5279
30200
5974
15271
26541
9747
11486
16651
24345
309
20592
8714
16157
12918
29754
9527
28669
22295
11486
20937
4391
14456
1576
13263
31390
21328
25363
12176
13018
4935
11677
18441
30726
30981
30390
10630
20242
22173
29765
26695
14077
23502
24297
18023
16330
31284
28673
30201
20190
28466
17176
6277
23070
27976
17043
27473
12675
5326
25567
22366
32083
22675
11805
704
16489
11954
20655
20974
4280
19325
3645
19879
16289
2870
6393
6112
1072
31451
27589
3513
7267
12364
3564
11675
10795
5267
20118
5585
19694
9093
317
31960
27940
1492
12840
31269
12552
11423
1394
15760
27280
15544
5345
32429
13494
18541
6638
29288
2964
24071
19638
32729
5764
24762
1735
3132
18977
21804
22701
28021
12892
29981
32448
3958
7955
11882
15740
11658
22196
19981
29749
20152
9469
694
32712
10335
31419
10168
10196
2532
28478
24318
32479
26163
16509
3235
20564
20602
32673
19177
5505
20549
6827
28287
1466
31795
7304
24535
24037
3733
24406
14930
7374
19831
30346
3182
6435
24869
25119
2982
16929
15295
9401
2472
6569
11322
10809
15289
31305
30744
12167
22895
14401
22976
31329
4152
26148
22678
29217
672
26102
14291
6413
12585
11491
1602
1276
31641
11423
9473
6041
29864
28536
12997
21035
13478
5313
13040
19313
5666
12752
21943
2930
10628
12163
19688
19787
30768
10799
11008
18649
10999
17217
30789
14127
10510
3858
9571
8581
19797
12204
23005
27594
11158
1827
12401
24855
20269
6852
17372
12333
3834
31380
4237
17993
8543
4676
17594
15100
3788
2991
17636
24327
25353
5672
10333
30758
3163
21175
3777
19469
31925
20688
13922
28139
339
11952
21816
76
1359
11041
4834
17820
12756
1567
31161
2987
18093
14752
28048
6498
7721
13684
31478
18938
16408
1818
23595
16186
32660
25258
15693
19146
14935
16226
23564
10389
2348
23816
16333
20383
31080
19356
11716
21840
890
21977
13141
16995
11929
29098
29148
22341
3008
8395
12048
22907
13017
21580
23172
13493
2049
13174
5975
22165
2355
32471
22960
13846
7921
24802
7454
15417
25457
15207
29418
31559
10208
30899
26559
26837
3016
6145
1140
3201
5097
22903
20603
23667
11486
17522
10281
9486
24433
350
28165
3627
21421
16451
5154
21952
25202
25110
16591
30914
12460
31356
3057
11371
23050
24132
32461
23799
6169
9810
28210
5449
32188
21044
5237
7074
18700
27610
18731
23437
3168
11730
16775
17256
6548
20273
12267
9855
5480
3182
15486
8311
3304
22569
115
13510
22268
30368
9431
12995
21371
24511
1517
4139
8069
30714
32304
13139
7473
8409
17955
21240
7644
27726
13462
28194
149
26212
20709
28499
29568
32218
11946
16438
15021
19994
7093
4861
10336
22097
4999
17293
5426
3727
2809
1481
169
5824
13000
9994
8865
127
11155
29425
15312
1336
21952
26889
717
28774
30933
30249
8862
18114
30118
3774
4795
21866
14654
9119
23420
17417
17503
26311
9204
8781
29626
25999
14204
28180
4145
5980
16235
14975
182
21089
1652
15230
1293
19105
10443
13738
12399
19573
11696
1555
19991
22982
4671
31061
31826
11186
28696
30784
23914
4339
21350
32391
30163
10102
19459
25984
30558
17846
20618
5954
8275
26627
18072
26231
15349
1119
11857
2069
11227
27906
23972
28433
1159
31441
25084
27228
21377
30530
18553
10700
14769
12693
27236
25378
31587
19666
4603
7382
21565
29531
2255
20508
26398
6
6309
9474
25881
30728
320
15996
19037
17429
20570
23926
10418
28991
28733
24872
7554
29227
8853
8756
2048
15927
4297
12620
3902
14622
30686
12050
19468
19164
23122
25259
26349
3635
20071
28404
23940
9510
26952
7689
30913
1526
27634
28193
26170
5645
13486
7976
10784
12648
21881
8186
27829
25387
21637
26968
14685
3824
20657
21147
29374
19077
26325
16147
12015
28654
336
14787
15263
1136
27398
24959
26608
18600
6589
29276
2244
32228
2758
21456
13929
19981
18776
20945
31446
7098
631
30397
3535
13255
30643
10060
11442
32546
10088
19533
3090
11346
27198
8327
5737
22061
20090
12119
8313
6796
31069
26071
13536
5638
25725
31888
24831
1649
29860
25838
30362
8765
4018
32109
7897
23286
23294
2301
17661
32528
10706
13347
6777
12693
25779
20966
4120
15316
739
17600
14571
31117
21798
18684
16836
23435
10138
30132
4186
7886
28877
24984
25561
28442
10073
28219
30494
178
21264
26331
28507
20717
12905
16535
14424
6592
13046
25778
5700
2484
18003
31332
16442
15112
17195
29007
3049
1631
32342
360
1487
5037
27194
13692
8292
17372
9324
12764
5687
13479
32533
18209
887
12472
7805
18343
10188
21878
17469
1161
24489
24702
10796
24596
28840
21456
32071
318
13155
26940
7999
31923
2123
8940
27324
28464
26597
32484
12960
11330
12806
26021
14580
10443
20822
7907
31128
834
9016
18892
11663
15047
6240
26123
31778
8927
6164
26835
2082
4886
5288
19353
17991
5816
8537
23445
20098
28436
12721
6126
14243
23487
6512
18343
18266
27686
19318
19572
27846
17377
4614
20692
11742
20041
17275
19222
4848
25379
5855
15431
30412
24586
21628
8698
25719
31399
32171
7683
31311
32661
5081
15013
25664
11228
7716
24226
640
20113
15176
5927
1312
7035
21802
23262
13727
6155
13790
11508
22723
1656
25539
22368
2590
26278
21819
15169
26455
6639
18448
11815
17147
30720
26025
16387
11555
1947
460
14087
12912
29789
12387
16919
6735
17530
13763
15856
22978
29252
29868
28341
21188
26567
31494
28214
18714
32541
24786
31516
6659
26763
12548
12117
5234
32339
6285
4550
24295
9042
30660
30863
12631
20054
12267
9419
13811
26623
10116
543
21340
21819
8344
30445
25132
19324
24922
30295
27690
26534
860
16424
4969
24488
9411
8432
907
13349
28687
10430
30390
13562
3102
8044
9154
11279
4362
14326
5414
29751
1250
12565
26351
28035
25407
30644
32683
14058
22751
9655
17265
23039
6518
5425
21934
12128
25396
27875
21430
29299
3660
10876
18152
15657
21300
186
27146
21807
8813
21132
528
27557
19087
31726
22910
31606
701
31528
10199
14130
16771
6424
2885
30546
25762
22158
6127
28476
2098
9638
21041
4558
2613
18538
19303
26224
32310
16584
7868
30639
11919
21231
31042
30761
781
24488
7048
13097
20835
28302
16086
1550
16560
1089
24146
30141
2448
31495
14725
30289
20420
25561
24211
15075
12969
1246
15633
22878
24759
10407
31416
22932
8335
4840
19557
3166
28952
7850
26070
18354
4312
28581
20072
17108
4146
20075
22307
25228
31397
32709
27143
32436
25082
1121
3459
10155
32203
20374
13289
8043
13205
13119
7443
2906
18147
31230
7119
16606
19304
20268
4268
9402
21390
7109
10738
3785
18829
22895
7583
16581
22196
32625
3782
7346
3815
1451
11241
24776
851
21659
15565
28842
21445
27085
16382
20232
10239
25455
5611
5588
17037
29368
4031
30885
17001
14073
7020
3779
12763
25069
17480
21686
12936
5754
12057
21311
28120
2504
16468
28677
1935
27825
6337
25969
32428
29351
27281
27264
1489
29035
11367
14099
32129
22663
5618
17775
8539
29270
30994
12423
29317
4322
9465
5859
15624
26218
28940
25282
14512
19216
13083
21332
17848
28685
26613
17446
7027
17890
14837
10998
32249
1614
9118
32602
38
16799
24586
22219
19385
6906
19838
17794
5058
14432
15033
20073
28180
4554
3828
14469
15159
9898
3357
4378
30569
6440
11564
12714
13362
19630
25376
22338
14711
25051
32364
2422
20583
9138
14111
28917
30019
6952
3629
14009
21075
28033
13385
15266
8554
26461
9764
13628
1427
30923
1433
8100
28870
24330
6043
23851
13731
5449
28125
26889
28190
9191
15470
2987
9530
4600
22382
31231
2360
30555
1534
30386
14259
25897
26827
4668
13168
11105
9438
27376
14272
14331
23059
10521
12452
406
12792
15945
24369
12615
15267
148
32002
16854
31715
6610
17488
31227
21078
9323
811
6464
21210
10164
9004
11122
20678
11591
18163
9012
20835
17564
24270
11183
29722
114
15657
2218
21341
15141
32389
30322
20343
19631
4439
29965
25863
21988
4543
10422
30717
11301
13491
2288
572
14669
1149
11230
32400
16859
17793
19867
12297
14433
5847
9877
9929
25248
8549
1720
16297
32308
15819
24692
8189
21248
19735
16417
17232
23267
32347
18878
26822
10134
10746
30981
18491
16292
18128
4756
20958
32252
24497
3599
3455
17643
17562
3693
13331
29951
6886
29443
28749
869
24625
21015
27553
10867
7421
20674
694
9666
5768
15329
21433
19093
8452
13912
28222
15614
28688
27348
6954
6087
10701
27349
18971
25672
15753
8601
32315
25329
29405
16561
14980
20077
1236
10412
27241
19420
4687
309
17996
10298
7654
3375
3505
3605
16421
16261
26055
30759
25951
27230
22708
10734
19839
29712
23441
13754
30487
10030
29274
9906
31464
11322
21020
21090
12493
3056
16347
18308
17068
22934
4669
30289
30579
8353
25457
16682
12176
14723
276
29077
1468
12209
7964
26908
14865
20255
10457
19027
14843
5902
21507
10316
19202
10253
5090
31868
16036
10334
19465
26471
17193
18351
14977
5852
1751
6505
25597
10619
2022
18152
12401
1339
3517
5974
8223
656
16632
6103
17423
17221
5778
24482
17085
6475
12243
27089
17435
26173
16423
21611
25648
19010
26073
5130
15489
24807
32236
14704
28156
28427
28293
307
15875
17005
13721
31558
27974
8043
13448
23055
8985
16811
617
28491
22099
1112
17178
29600
17685
4437
29983
29084
27819
22354
26568
31899
18324
22017
6607
32632
22884
15947
24384
32505
8188
23250
4763
9375
23862
5156
22038
22300
3189
26174
5109
19160
22989
13618
31840
13312
1216
28305
6681
3854
3574
5359
3291
5696
28541
3878
3002
31541
28619
32757
20220
11849
23076
3554
31334
20424
2926
9130
12007
23059
11112
18829
22369
18971
16879
14569
26962
8162
25648
14541
15946
7294
18902
7288
5965
19733
9301
25201
31796
23549
20163
9367
30493
9410
25180
4100
8326
30115
13583
32275
20669
25347
31379
28951
24131
7575
22739
16863
8733
23805
777
29946
21191
8994
13806
22269
7736
6139
30846
11142
27535
6198
16965
22784
14696
25817
30706
20996
10845
31983
21818
3398
11613
22083
32132
28742
16895
20862
19090
15544
28948
22858
10551
31178
18636
2409
21917
14115
28393
4588
14030
9671
17056
14869
26438
21325
4674
23405
24074
29706
20448
5809
20597
20704
20628
12921
24910
29234
22113
11860
16783
9864
21818
29039
21502
29190
5771
6884
6615
5659
18821
15357
29440
13364
23009
24988
24269
8773
7899
27757
30097
8266
24533
17201
24028
20150
3794
32131
24185
27067
618
14825
4424
17719
20337
17637
16245
6770
15551
19696
16863
14776
650
19540
20587
23211
12807
29052
2951
26804
13807
567
27151
1500
25468
5924
16098
2302
5653
32002
18925
4440
23419
4375
1586
24205
5564
28093
16900
9582
2931
18415
12602
26242
1850
28946
26421
26171
20230
16113
17711
19553
32436
24659
28355
19699
2574
12585
3937
24081
14411
28988
7287
2137
17440
20644
28656
31198
31842
17088
29781
3637
30487
12564
11639
30385
31616
18123
24225
13021
29026
28261
10813
5758
27369
26429
22294
2354
27571
17685
27108
8923
23136
25994
20842
12701
27097
21473
25311
11217
17009
9037
12484
20976
6796
31236
18293
2221
6944
4893
24069
14118
21958
26625
6825
31783
30375
29885
17069
3211
2463
9840
2931
17236
18803
17288
6001
7196
1047
15975
6469
2846
26954
8328
23376
31911
29581
25709
16943
14391
23721
25878
3250
9310
14466
31150
12623
31282
1834
3195
8269
24787
27344
14937
11266
20465
3714
13853
24376
22313
25030
19906
1920
32036
18473
12557
29658
4067
15423
26720
31392
20292
6804
30451
3126
16594
20133
15966
7433
21246
11430
26328
1451
22311
19160
23911
9632
12217
8306
10988
723
10790
20850
5886
12600
25900
15587
6272
13273
9378
7692
21476
22107
32648
21609
18557
1846
10724
17777
1943
19254
32119
17772
28075
11626
9373
22312
1101
2606
1219
8229
3879
24230
8718
20156
22336
16079
4790
30029
16158
2452
22844
7890
251
6058
15705
24015
18596
13606
26598
16791
14566
1944
7665
16459
6078
21081
26412
5066
22031
11822
1836
29859
7740
1370
22567
8700
17380
27961
22216
28511
25044
12843
15862
2441
17070
12578
16150
25712
9356
27831
1904
27269
23492
17066
22610
29521
28849
3149
18642
30814
424
23105
2589
1350
30467
3749
3186
5295
9573
17360
16878
31728
25406
10851
1391
18542
17556
27920
15593
27743
3241
24518
208
2073
24210
25436
13536
25514
12467
22728
13620
27567
27295
28038
13017
1218
3628
10828
5897
2709
25260
18148
16720
10261
11105
3361
1558
12040
23674
25690
2724
21556
10254
15140
30751
21691
26674
24315
26816
6658
8791
2727
25991
16379
4133
10259
6720
7314
16532
23685
24012
5462
23907
17246
21057
16457
32521
26612
28323
9188
27239
17570
28082
27754
12054
2126
30573
18030
5205
29105
10063
18049
25528
30363
29582
1470
15201
28580
14001
20580
22339
32377
15792
11439
8879
7659
27673
162
3957
29178
21722
28978
12631
953
9377
206
26355
1444
2677
3875
23257
23918
29768
17099
16524
12942
5815
65
20570
23028
9109
15993
10098
13430
25513
19
27832
10921
31585
10199
18899
27905
30927
2071
11052
32412
20053
23363
13880
15811
21816
24504
14176
1699
27696
31237
27412
5141
8859
12191
11114
31544
14271
6726
31149
27697
3616
26213
5103
12403
344
27855
4853
8205
22417
7766
23984
26114
8993
589
11585
3060
26811
21322
13189
6810
5915
8528
18290
4421
19250
26676
27156
31843
24831
9756
11367
16226
22671
5601
9776
8139
28513
32349
3018
3437
12064
4297
9484
17808
4874
3408
5150
30875
9052
28476
21466
14572
8651
21945
32492
31072
16642
3894
24538
26289
8407
14077
13907
8361
18904
3397
15352
16944
24489
29254
32561
32423
15117
24264
9350
151
18721
21432
3549
24661
6094
2515
14885
24878
15086
7266
1003
19338
25352
24663
31910
2134
31221
28097
13396
10168
22374
4887
25814
24367
14530
2471
13678
32434
570
17068
19440
2348
18266
9299
27331
22182
18784
16996
23432
24655
1804
16913
9854
7622
15068
26811
28801
14386
30338
26028
11508
2127
3180
10460
4430
9099
1404
16300
24252
18788
19557
11095
29505
26232
26182
6237
4282
14572
14114
22534
29366
3715
16894
12696
29270
32063
20598
8443
25745
28269
26237
18309
10101
6245
18728
28820
16838
28273
24496
12215
21817
5335
20265
9532
4732
17509
26355
27486
3558
3338
7670
10185
1537
20828
7880
26503
1710
16695
12292
4707
17062
9709
10862
16509
28527
25391
23303
16750
9476
20705
2896
19215
21491
263
11493
5177
25725
26812
16168
28357
25117
25956
16558
6799
23298
810
24048
26903
30850
14256
10563
30588
989
22606
27919
6823
29884
5732
6782
1005
24704
1579
32678
28589
31295
17266
8216
18207
21233
23342
24823
14551
26139
6965
21632
8096
29156
23416
9106
27310
32231
19643
11261
31114
5081
9885
13829
16483
19948
32535
16144
28266
6730
9524
32316
10605
29365
29356
2636
3786
199
12352
24668
29091
4430
7064
22450
1180
23832
21746
26626
5921
4768
20363
26705
8253
3932
7457
6710
20643
10297
18234
14862
4407
22958
15720
4832
16218
18461
2193
6607
3055
13863
15850
23846
7035
24872
2808
8488
25273
3667
2415
25246
12529
9112
717
7059
22823
16059
8406
22598
6037
18021
16390
20487
31858
22408
15817
26676
14871
25741
7878
3992
21796
15542
2181
27379
9283
23590
19223
28354
17307
31540
11207
12225
18000
25216
177
3062
29788
25632
30773
7837
28717
14698
25490
11001
31405
3736
16345
25689
6574
2039
32439
22847
16595
5480
30211
30146
10412
14030
13877
4419
21229
1473
20702
23927
12684
5001
13287
12832
24964
20163
31340
23457
10667
14171
24756
31070
17330
30323
10599
26170
28511
19858
18557
12742
23272
14241
26547
6674
15114
7631
13903
8605
23387
25122
14358
21046
27306
18635
14126
17073
10600
952
15535
12527
22441
19303
2870
15570
8725
12097
24733
30066
18406
23375
18063
23942
11192
31172
15585
23228
10925
23777
19625
2962
14907
12509
32604
4176
3793
29892
608
4087
20554
26088
31603
22941
3116
7954
26958
2718
13481
25582
19542
18693
4851
14705
13108
11124
21547
32164
16514
9338
30129
14478
5228
30028
3373
8467
32565
7814
29395
31937
2292
30553
8035
9860
10342
301
21862
15294
29625
9802
1079
27861
20275
24080
29789
10067
20496
32761
19198
249
25529
4445
28917
32644
20741
15952
5580
1593
3988
31364
10654
17664
10617
27042
5304
26372
26995
9078
8466
25104
17731
27100
30311
26394
31843
20422
25184
7359
30260
27025
19846
15081
17279
23824
26615
17723
25533
19037
24014
4048
13370
2536
24546
3011
23712
14414
6087
12441
14747
3823
6004
27500
3917
7567
17988
19752
10859
29565
12197
31738
30281
20382
4528
18440
8169
13362
29678
9614
17780
29572
1707
19321
7698
28471
14181
25022
3616
4265
19774
20036
30
25134
26778
515
10081
2395
16073
11996
30532
20151
30025
19212
11130
25299
5940
4283
6150
18876
26611
15417
25321
24545
13990
28788
30962
29314
28734
678
2128
26224
25516
26444
24377
12312
9637
32151
21016
14899
3390
28282
15665
693
23000
32091
6071
7530
13628
3043
9485
4433
1189
32062
9180
26238
31782
12546
13271
27489
24275
3172
8443
17948
27881
29088
22199
3890
12891
10522
1127
17843
10794
16954
2498
21540
3326
9103
11325
28208
16190
6608
22974
22937
27455
5445
5915
28872
31029
10612
11945
27517
29919
26255
26177
13919
9180
31786
17265
12872
12560
6310
15889
26640
4524
25129
2041
6165
6941
12846
9564
28071
1268
17012
28320
31069
2437
4306
1822
19973
15673
32414
17836
22222
30475
461
22741
4479
26565
17259
24470
32220
1820
23262
11177
29917
5581
20217
25903
9256
28628
22746
26116
11351
11607
11393
852
11416
27314
31538
8897
12168
11211
22518
1217
13698
1716
10109
13702
2473
22781
20917
22149
16165
12093
21698
11264
26563
27560
8103
13874
18091
3385
6639
17117
17954
5769
2774
6536
28933
4720
2382
25769
14387
20800
20274
27424
1720
22485
28222
15845
17124
12799
29971
24308
27124
8810
29980
16672
18800
5943
16375
9953
2668
23848
8085
32422
32161
5199
4032
5407
20054
8728
26309
18245
17149
1813
30863
11189
31950
19846
9757
21997
19823
25456
24912
31705
29088
26950
8220
8153
6250
4777
13774
31852
17133
2623
21211
20578
798
15451
13530
1024
15953
24802
10878
25003
20288
11817
13301
16586
14786
4741
25433
27477
20047
14252
2756
23085
31959
8387
26717
16661
23472
402
19217
2580
24961
6513
28830
21749
18643
20579
19028
31678
12217
20792
25516
22597
17877
17705
2735
30796
1134
24196
14871
24174
4913
3489
30700
21895
18647
8251
12560
5930
26508
16945
11006
8892
88
18419
16123
1093
31011
8965
9911
22625
22857
27032
3869
27208
21702
5058
18081
3603
3955
32529
28967
22514
27505
939
348
27776
32266
23214
80
9157
3067
16771
12572
10220
9928
17929
5650
2510
20400
26510
12700
3284
14775
17335
15303
11525
12538
31427
9802
25593
5735
23130
20372
8611
29060
14663
1966
24633
32179
12491
6563
14151
8463
30041
18232
18225
9004
16567
18773
3983
2377
17098
26091
14232
2464
27586
7907
29592
8050
31289
23623
20085
3691
14425
2504
21745
12999
12916
1123
13503
3170
32101
7083
1160
2394
32250
13020
9498
25757
233
26306
24286
30813
13796
7835
4498
13580
22219
25992
616
8695
24458
27417
15923
15375
6694
18786
20711
9202
5425
20409
32222
14239
26204
24722
17200
9513
14568
3242
30293
18994
16945
8079
1002
9147
32380
641
1709
858
12798
16141
1325
25832
23786
10177
8482
16536
22481
23720
8210
6484
4006
3820
18026
27819
31357
23197
312
12759
17410
6612
19373
19725
17878
250
19641
13122
13432
28457
5365
29914
6513
30565
8316
23847
15692
22463
25812
17550
26103
28190
579
5574
11574
29560
24609
19518
3303
14323
26233
6225
5260
12928
10225
26807
26012
327
26224
25150
31819
24233
13872
16465
10074
15127
1175
2234
3986
27430
9652
2732
20001
27593
26802
477
3273
25294
22432
28387
8750
7258
4503
21089
30428
2593
1397
22732
26104
10469
4225
2228
3551
18105
13115
32294
5470
27296
27555
18280
14273
3840
28351
24018
15806
12164
16353
2105
203
4802
16352
9698
19635
4919
3566
6557
15423
503
11596
2242
11225
17495
27713
11640
18721
15483
27074
31980
28799
15570
8454
15246
27380
19104
31441
16137
28577
27837
149
30002
16299
6724
27328
7126
4700
23822
23632
8272
3541
17761
8211
22290
1941
19130
2459
11775
27837
5298
26206
25738
17167
6613
8554
21567
9631
31298
2678
22259
28329
17755
25707
13385
12274
24288
30010
22464
5023
21813
3972
13368
18852
24697
26452
22053
22483
3303
15822
12316
6287
1745
11584
22629
22930
13119
4550
6910
18683
30177
2295
14031
28797
11327
32358
536
11987
22310
6804
3523
15529
4942
32611
21718
11974
31076
14947
24288
28538
25892
24063
15485
18679
26253
19211
24546
10655
15417
25156
5579
18767
31671
12306
3403
20552
16734
9088
25977
6123
26945
14195
4780
30089
12581
3024
16540
18585
28952
1133
13969
32437
23222
3276
13585
9256
20414
26276
8839
22937
29004
17134
9209
21930
10757
20263
15301
16508
6031
13489
25162
5906
15725
24609
12507
8267
14890
22344
30540
15508
11006
6137
29237
3084
7002
16873
21884
28615
8481
300
9560
28250
917
25219
8326
26739
32198
31199
13733
31404
26144
20816
27530
21384
10858
15623
6187
23908
31163
6500
6654
30643
2953
25539
12836
26852
31199
20987
16539
3093
18161
5291
29923
32386
5416
2872
16980
10069
29178
1896
26453
8273
11448
27920
18437
28305
8951
3130
15091
24857
18275
24369
5531
12852
6079
1966
15835
10327
27178
9510
25763
13941
31363
24397
30619
25087
22931
31308
6338
234
13548
12180
10237
31900
37
2774
6939
4398
30578
7736
5421
25135
13131
2575
31905
21331
571
10031
14327
23975
7158
15878
3409
29442
15224
23710
4155
14200
22831
13899
3061
10019
30433
19387
9059
14691
17752
8178
22653
1192
14508
15537
17501
18841
63
25982
22886
20116
24155
18340
8271
18888
5901
32147
18900
5924
22488
10953
2593
8017
15508
16503
27240
1570
23539
20060
4065
3809
568
21514
2821
1386
2342
19699
28095
8444
15380
24275
31799
10387
25840
891
9670
4701
16033
25062
23660
17964
4473
10264
30145
27537
13511
1064
7494
1409
27798
6307
1823
12521
16192
2614
3585
28230
30278
3848
5972
7864
29141
22980
31875
12758
29838
9244
24742
25125
3675
8512
8378
8042
508
22983
22821
13217
5975
27716
30940
18249
8699
3404
5747
30917
29378
15814
10985
19646
20523
17895
18209
431
3664
16552
23065
14826
22982
24466
32026
30161
2156
10233
21956
30502
2682
25021
20108
2766
3660
12479
30415
17114
4281
28392
24945
25836
17405
19858
23465
16252
31904
5359
27656
6772
23167
32378
14428
17887
13418
10432
25921
7018
28677
29871
17881
27313
11973
4001
15916
15235
11203
13823
11050
25698
3487
24983
10436
29516
15110
4425
27909
380
148
1358
21209
12450
27027
27735
30639
5658
9318
19628
14891
1458
2547
21884
19545
9614
8891
21994
525
10401
32431
17187
26848
20763
578
24238
1244
3951
29854
15175
25673
2533
19623
8069
30168
17933
14759
12648
13005
23821
11438
29285
19209
21154
7667
19951
5958
30285
29148
19056
3039
31196
1949
31154
17369
558
14750
20474
21186
24262
15028
339
6656
4829
7903
32734
20577
6632
32061
15570
7158
22062
205
18522
11596
28597
3559
28417
27542
32037
9107
2452
4428
16057
31074
20389
23993
11332
10662
23638
9059
23952
12166
5169
17943
8563
1932
8364
11109
31726
24983
1734
26988
25314
4458
1945
23803
25581
5295
3938
8191
19639
1603
9202
4619
10849
28555
11660
27690
25713
23289
9744
3121
9629
31488
18790
20447
20348
1774
31495
7759
27258
11803
258
21287
21388
15592
11694
2278
22950
9999
29205
20187
19104
737
12178
16219
32213
25586
17598
6769
2168
5573
16229
10982
943
32513
18282
15540
20598
102
21320
18193
21752
27431
28825
3654
5750
14524
18420
27566
8175
1831
7945
12340
21278
27142
25186
10607
27111
17202
16806
7390
23512
18968
7056
18662
5903
27713
17344
7694
21171
4013
25717
31755
27575
18581
12318
9010
14294
26819
26990
27033
30907
19538
20322
23608
4459
17663
30819
11210
24428
16047
22820
1899
824
23466
11073
30816
30792
28961
27487
18194
3112
12629
30556
19855
28028
4055
9735
5812
12051
7281
24753
17824
11837
14433
772
1214
3869
20505
8667
20684
14331
18821
17288
8076
11806
28804
31690
9318
15292
13550
8838
7252
20951
14240
28279
875
4180
7488
2106
22862
18430
8981
23079
27747
30995
28738
10773
24331
19997
27212
21634
25513
8404
19952
19822
32394
21917
21834
733
3428
11091
1842
31885
14735
31324
25995
15208
24356
21235
4342
6880
10454
2447
18257
11050
26935
21126
26296
27745
31782
23600
2565
22777
30718
31557
1817
10218
31351
19683
24423
6840
26126
13776
6425
29537
32664
2271
29202
725
6635
5759
10152
17075
3221
17470
29891
21714
23163
32324
19618
14413
31753
27369
7453
5807
25982
13810
11797
3578
15496
2855
12840
7342
9170
19585
15221
5382
21936
12602
23039
13518
28970
6011
19707
8358
32720
28768
17799
17858
18959
12899
16578
11208
24745
7345
13808
9989
25886
16270
16396
3756
16046
19122
654
22452
2095
25193
3638
15147
9728
854
13575
7471
11878
24585
227
27251
25807
32134
5051
24486
7322
25320
29750
4590
22457
19813
21962
26228
26427
23651
1982
25897
5054
14107
23371
19247
2786
1759
10890
23773
16358
15561
28871
14126
17587
21697
24606
22664
32189
1348
25310
5726
13978
17087
4598
20525
16717
25397
24364
361
12181
24685
18003
9626
16902
8270
28077
10904
3818
12005
16235
4612
31397
29469
12273
30770
18207
21339
14158
2928
7947
14053
9817
7560
21456
15633
17918
26698
29840
21797
32160
19126
9988
11574
16519
30243
10138
9271
22620
16612
30284
6908
16155
7982
11598
31191
19371
25359
6223
6112
4004
31552
14196
10251
28913
31348
554
16235
13256
14395
18898
5807
28140
18842
9503
18591
25386
2182
12006
7484
30071
29746
13156
3010
29647
12387
22600
29461
31079
32083
26573
28383
32047
14544
31444
949
25077
18127
18822
12384
7266
4764
19392
23781
28077
175
3329
28249
13386
9523
19059
24274
12787
29314
24367
15018
4218
26973
28957
26474
24979
821
19447
29488
4423
28558
2866
7810
7873
11326
23347
29820
4929
5697
9820
3299
12227
17155
6514
16027
15923
5783
5402
29879
9258
21466
7083
31654
23838
1042
17912
7955
9009
28262
10137
13760
604
29756
18814
31705
28296
20767
30855
30711
181
32762
4803
20900
28035
24523
12874
21962
110
23359
10597
10389
32032
32273
11287
11607
13843
19874
21170
10429
15987
32395
25839
17589
189
5190
438
1211
17055
22463
26033
30184
4207
7101
8619
29915
29677
2735
9978
9860
22269
5702
3037
32477
8011
32640
27617
14874
9769
20578
22059
25087
21919
25421
26844
23432
19044
4580
20556
16203
26811
27912
17336
32696
3701
25558
4993
1324
12258
22736
20712
27022
6563
20127
24459
9791
13032
22828
3887
28848
16880
4073
2965
1235
26043
2678
25501
25076
29633
1293
21361
14962
15704
4050
11492
17724
29456
19103
15462
20839
20175
9080
11257
216
7912
16463
7653
12206
29359
30529
30553
4371
672
32191
9003
710
6451
25482
11762
30317
29257
17189
27300
29727
12303
26841
5673
28660
773
30136
5262
8531
2440
30267
11161
32241
26777
7187
13663
30878
20612
18688
9891
16251
22260
13826
26039
24614
30458
19333
7649
15743
3589
10571
14038
17127
24949
24846
458
13053
14762
20199
12233
23885
31026
31472
22695
28147
10098
18084
26045
31797
31893
15085
13639
980
30631
1424
26732
15578
6101
16950
32508
28878
29262
27210
11952
19386
13720
5565
23253
3683
15323
17939
14644
8484
216
3374
30843
26128
18298
18996
14709
15660
20389
28528
19385
6734
31095
8685
792
11643
28845
29639
10000
9608
4384
31495
12320
7583
26242
3292
29981
27586
5384
31649
11669
6997
29150
23312
10969
14680
27449
2935
29057
29338
27138
10690
6377
10448
3921
10103
13543
14978
19261
16603
747
9939
1936
11232
9231
26876
1751
17216
19282
30670
1413
3617
14019
29698
18714
22151
20789
12051
14804
9335
15416
13245
20795
31861
1436
30660
3490
17888
9214
32676
3664
21819
16058
19195
12290
25746
13076
7106
31034
1981
8590
2082
29299
25945
23751
6108
5035
25860
1604
28827
2300
930
2385
12081
22832
28638
27302
14904
15372
25897
9791
6440
8348
25317
11843
21881
11157
23414
15153
4000
30522
2959
4213
9115
9641
10277
14868
7931
7416
28986
7454
19234
23490
21276
29654
6666
17007
6622
23326
4784
32630
20183
17940
553
24950
15578
7082
25587
30737
22174
8534
18619
11713
30409
13328
9990
32394
13089
24282
26881
32477
29225
27005
18227
29148
17556
28172
5640
28623
10746
1859
29495
14722
3258
18432
664
29873
17203
833
16506
18169
3845
19954
32364
2786
563
31838
11071
26662
5940
28652
2033
32458
3375
9107
13811
30926
8183
18437
28939
14240
31191
7985
24877
27028
1244
10564
20084
24456
2527
15746
15122
9558
14659
6721
16605
32344
17958
5519
25917
13171
29678
7616
23976
32159
23229
26217
10614
11281
13034
11970
30081
8699
27214
18365
21286
8108
30245
