24167
29177
16763
30917
32065
24102
18606
10997
31504
26229
16030
5166
25544
7120
1267
29400
18227
32546
4862
3901
12093
31912
3252
9955
16380
25168
29849
6488
8138
17713
17574
9344
31847
30851
3373
3260
16831
30776
12520
24058
24922
27283
30596
7381
5913
4916
15597
6825
691
30180
1953
5750
10819
20654
28770
16612
25097
19529
28317
4174
2328
2111
646
12362
2016
5024
841
23853
16291
745
16838
23293
22227
25698
1841
13807
2881
27052
20585
20841
28584
12418
19690
8118
31044
8069
28123
30410
25061
889
5783
6040
10138
32249
7709
8972
31307
26920
23792
10334
22721
26594
22605
19074
15398
2767
10875
2129
4205
6065
134
2104
10305
31732
28058
8387
5359
24778
11557
26716
30593
25949
26994
18641
14950
2797
31453
32173
1963
3752
30620
17230
29030
6213
2991
13707
14809
4738
6371
25837
8682
10681
24900
20153
5383
11106
21401
6711
5880
30299
27135
32311
1914
23930
8094
27686
16355
22221
27207
27133
504
18287
24831
10807
8428
6887
25606
30091
12259
32446
5862
2116
17331
10254
13666
19535
30519
18867
10828
26314
22828
26088
4223
10127
11891
15794
8596
13614
26830
23868
20115
15342
17259
12672
32176
22921
29049
32199
11551
782
15803
26124
17691
363
16456
23893
31463
395
2602
26609
7092
31025
2813
2677
14845
7819
24496
21884
20985
15842
23868
20176
29679
3813
135
10266
1008
4266
7579
23080
13614
4564
30728
4607
8972
9160
10731
11956
27916
23454
25799
32623
2801
27894
14943
22509
5721
23828
31276
2105
2229
9669
25594
20710
15086
30398
24946
7582
29894
2924
665
15000
31745
21417
6312
32334
21347
9443
26538
970
592
32099
5685
29936
18153
10497
15799
14819
8750
8363
17666
9178
28707
5729
28865
8777
32378
12118
30033
14023
23438
22587
8773
6270
1834
26289
32418
17880
8463
26601
3555
28390
30865
31649
14889
2132
25599
14411
27057
4504
20446
8936
16090
25189
27763
5146
14989
15578
16085
9285
23175
4290
17090
29868
26596
26052
14017
25044
14599
32498
31082
14409
23211
15973
27922
25997
10241
31643
9418
21017
10144
12146
29467
6813
25716
8870
26343
20149
26676
23756
5745
22873
31881
14799
24682
700
15119
28373
808
25661
2764
32260
25639
20555
29349
28247
16011
6798
31996
17879
12989
6976
2372
676
31126
2801
21824
2887
8668
12603
21608
13418
18521
623
932
17528
17083
12920
26506
15532
27785
14366
21445
26605
12869
28831
5835
31762
16338
4917
11929
30561
10244
13440
22636
22718
17361
2903
10500
1460
4264
9540
10910
1944
13639
22120
376
29431
20278
26504
18897
16855
8710
19079
30051
27728
866
20408
30120
7186
3371
6532
14151
15789
26865
14577
23980
29556
31148
19351
19911
29215
25006
2198
20993
30283
17448
19227
29750
10237
28978
17126
7498
8829
27848
18027
9956
17648
7288
12427
7304
25636
9625
5635
8886
3035
32698
17062
20102
20882
29435
24571
3331
19473
29496
30281
24908
21253
7899
31637
7103
10367
19131
27066
26370
14647
583
13582
18883
19528
10092
25856
8049
15360
16852
22924
32014
21915
28327
19050
2377
8405
14891
31049
19255
7507
27481
12218
26376
28917
7861
6342
463
22963
9480
20806
24194
14973
3669
30213
17889
23266
24308
8554
28131
118
22064
7597
28073
4093
21259
10713
32767
27500
15627
12382
7981
867
531
26138
15612
20002
9086
20785
7423
20765
31391
161
571
30603
29315
13414
6361
22054
2032
19585
22782
13906
30695
7375
26619
6724
31050
27223
32003
24261
5695
11477
23771
28478
27572
2430
22098
10333
12524
22
18935
3654
5810
15930
28999
2709
32196
23928
11305
19289
31565
13626
9015
29687
30644
22413
4254
7693
3564
12964
22985
11282
23161
30281
17295
26798
11190
15652
16009
9633
569
1573
6935
5036
12292
658
17662
9446
8058
3576
16548
30815
14328
13792
16003
4393
16511
21089
24976
27814
12605
23240
7560
22450
1785
24964
20492
27883
29919
7612
16568
29462
11583
6264
4652
15373
7055
26237
18531
31356
1101
27697
6240
22761
16691
9394
9335
7879
16666
12917
8026
482
23763
15245
23327
24897
12222
32302
613
13714
16759
4509
29393
10442
31692
11833
18582
11448
26657
28527
8625
28833
24564
10011
3633
27127
29104
24281
917
18982
12669
8198
2295
19191
18043
28848
15951
27065
1429
8702
21123
7553
14079
19534
5637
16925
32469
21297
18145
30735
25104
16269
21857
23195
4056
19668
29458
15503
21598
29362
8885
16165
7493
17431
18426
30164
21649
7022
22224
3715
30220
15910
13520
26715
26626
1110
11962
23265
2616
187
7429
20432
780
11472
17721
22085
22380
12899
3056
15925
14488
2010
4513
26408
5715
20935
28842
22705
26498
9099
1580
23998
2798
6794
2463
17845
5670
16441
26095
12768
6983
25046
15498
13243
18706
15981
30279
21902
30028
27271
786
12574
26989
4658
8886
1045
12982
25526
31034
29369
32570
23943
25897
30587
20249
10862
19939
6176
32639
5133
8944
28453
27971
29621
5761
5680
11414
17849
10470
6129
28430
7651
16004
23912
31996
17048
2700
9700
19245
10552
9934
20115
15253
16006
30306
14890
7569
8218
16942
24572
8852
11133
18727
24384
5676
13171
576
18518
3597
12617
20204
26924
27090
23442
30798
26223
2628
10568
15733
25191
28957
10214
113
4471
8448
12830
22435
4875
23157
15979
27567
17922
22140
1480
6863
19637
8127
29079
9592
6699
8757
1420
23672
28815
20651
7819
30939
29395
14618
25388
27571
28524
21840
6490
30468
26177
19757
28490
2647
5104
12181
6820
6891
17008
22117
11683
18847
3127
30972
9191
16372
14630
7980
9686
11792
19485
14217
4651
25352
12217
14580
17657
21689
21739
10470
7703
12389
29313
4639
12708
5469
10720
20739
16275
21856
21013
9
29823
23058
22592
24719
20987
16061
1294
28230
22815
12052
2208
17077
11885
32407
31930
13962
12621
23555
27676
24587
674
6926
17108
31778
18626
22419
9863
9641
11157
24900
23721
28014
26508
15612
32672
29547
10330
27404
32738
20859
8002
10773
18772
13014
10797
31456
16907
3183
28501
17475
18341
8705
28681
5016
3269
31241
7268
6281
20173
2951
28694
19391
10397
5333
15558
2245
26395
12010
4135
32433
20314
20886
22550
14484
1272
28817
25144
29164
28307
306
10784
7563
4649
27547
11747
15325
15751
28876
28899
32430
24104
13621
11481
23213
6680
9670
28906
10191
11387
30654
30061
28518
14630
31070
14879
2681
16863
12997
9146
14778
1803
27410
1082
14549
14673
5906
19246
29372
19607
32022
28880
6897
29545
31611
24734
14924
24880
6564
6516
7359
24562
6115
26575
23362
31852
22049
17299
27713
16134
20956
22944
6919
6193
30135
29000
22390
14925
12906
2406
6947
10786
23389
23305
15426
4502
13121
5933
5812
7919
4864
31250
22620
15763
261
4417
17251
21397
23698
1508
27312
19189
20239
8541
25439
4710
28221
4619
14939
25153
16552
28049
29143
29189
20052
10113
12852
12384
1574
26074
22521
14572
20341
13932
32551
4540
3411
23478
4474
26667
30977
19699
7081
9576
20949
31772
11690
10200
2575
25936
27717
25964
10060
7020
612
5272
18040
3985
1703
22503
8804
24459
22883
8856
19424
24550
3770
5329
23098
14923
14415
30554
15705
15224
23436
25427
6635
10389
31507
15203
3576
19008
25637
31429
8245
10632
19973
26308
32532
8278
11723
10490
15417
22324
10990
29882
5761
31504
22926
636
14742
14698
3595
13317
28458
13794
9729
14238
27699
8105
15672
24292
20022
29556
711
24343
1232
6117
15933
17375
2885
2915
20304
6764
13362
23906
1163
21130
32154
4109
29922
16248
604
28415
16383
12980
21781
23866
18550
27749
28318
19671
25167
17644
25838
31741
17897
407
4642
30488
1775
21948
10676
3793
27407
13677
10131
10076
9228
8190
27453
29359
28199
21251
31058
8741
23806
19419
17276
11573
368
26365
1370
31336
17776
22163
3320
32434
2774
7199
25448
20584
7360
14973
7524
6490
26383
4549
9796
21481
1087
22873
28080
17546
21625
32500
23589
488
20817
9586
6371
3179
24499
26181
21803
11963
31894
30533
28114
14015
21062
11257
8530
9894
31462
9662
2885
29357
32014
22608
28999
31461
31760
6399
13936
30178
27639
21303
18834
14580
23256
21560
18023
15941
22117
4357
2186
15525
4769
8244
23315
18677
26019
16858
30232
15542
25748
25751
6120
6153
958
15910
24756
391
29627
10838
944
6153
9589
25704
30128
8457
25684
1934
14958
13645
1674
22214
27275
25373
13613
22516
28449
2147
19564
25672
27405
18034
5190
2722
21104
22842
28909
4989
6247
5072
28335
24776
7293
24861
17207
23359
7691
28258
7001
663
18313
10737
11794
12792
17645
10259
847
15784
3939
26221
7601
4112
7199
26503
1236
9703
8549
3262
14223
14443
11337
9272
27902
17292
20179
3614
27337
23201
7793
5594
22958
25365
13605
18570
27967
31965
15584
16001
6682
16411
15147
3648
17308
17148
18045
16936
21820
22059
10058
930
9224
2847
13890
22840
4492
14400
259
2482
3148
21364
3429
1605
23406
19734
62
7523
100
13422
15617
18752
7440
14617
17510
8639
6102
27910
21432
30852
22359
7752
7945
6043
24214
30790
20140
7346
9323
11286
32432
3352
10927
22458
31009
7060
8584
3122
24283
5298
20222
11507
15522
19693
4508
8047
16639
21200
22940
20334
27642
31483
6821
21898
27765
6134
21134
1585
4885
29559
2818
18570
26390
593
16478
25887
22459
29551
4517
3058
28026
5308
423
3478
7504
1792
16970
12196
23356
24348
13685
20226
19607
25797
26265
29206
5560
1311
17058
14660
10429
9178
17328
23319
30053
16477
18777
30532
16380
17092
21445
14117
29395
5488
9588
26318
27627
7156
22575
7719
18765
311
22012
5696
31843
21868
16716
2720
8243
3250
10371
24407
21150
9158
17874
3575
25170
12929
22445
19454
12695
22569
5215
5661
21201
21079
29396
20282
5945
21357
17518
14065
18631
1681
18439
29555
11997
28662
806
24062
27424
2323
17593
739
12913
15075
16606
12301
23467
26729
30401
12380
3226
22295
11688
906
1304
30808
26317
16603
30639
7817
22971
1317
27194
13496
16224
24132
31409
9497
14773
12294
32193
7034
1714
20251
11969
1321
27154
23463
25649
30638
27870
1883
4205
31338
26615
16340
8664
27717
25363
12355
11213
10444
31221
31689
32445
27186
14872
5000
31722
24400
32125
21609
19514
2848
63
22395
28815
31531
19587
24391
21964
18461
29468
21699
893
4497
19971
20380
17007
15623
18241
4496
5137
6987
26083
7728
7672
3275
68
10494
30581
23900
23165
595
9979
19669
19837
26568
2762
24237
25443
10209
12506
16500
16296
14154
25926
22846
31078
17136
8602
5425
449
20912
4665
2639
26678
14466
30594
11235
18282
5280
19363
25160
26567
24073
13779
28321
18860
17632
23621
27070
27183
29608
7430
12341
3799
23483
22646
21909
26599
7038
5628
3387
10858
5415
15031
20165
27564
30515
24628
12165
18315
2138
28694
29582
3370
29354
12990
3521
12050
23966
16206
16770
18902
15595
7115
22315
26090
7568
30613
22346
24870
13554
12197
14859
24326
13649
5998
24748
17124
6492
191
4591
8030
30284
1693
17713
8315
8024
19574
27431
2444
26117
485
6798
2118
19067
26265
26998
24932
1107
52
27991
9785
8945
5978
21263
4784
30588
30064
4951
28461
8860
15253
16573
20427
11212
27780
21837
13658
23543
18388
19163
7957
9298
2733
27374
13826
23440
24485
20486
20629
5579
17959
11777
23186
14373
11300
11512
32530
366
1461
21964
20796
30981
23445
13522
19046
29155
3418
20279
16661
24234
2429
36
21155
22242
5388
24362
30426
3839
15401
23998
6279
27290
13678
23597
16000
28596
13992
32053
21686
7222
16832
15774
30324
26349
21815
11420
25207
10982
29211
25137
6414
2678
20615
23177
3661
27432
12140
27728
6070
12878
12962
25291
13676
21701
30149
31723
2118
14058
19840
11166
13320
790
9527
32073
23363
8375
24930
2828
29669
16984
21463
30751
25048
12472
3424
20686
1992
200
26318
25382
4299
12673
19276
10701
29414
32254
14048
14710
5565
15842
21965
15526
18306
15523
11090
13670
29906
9015
5658
11416
14633
18035
11270
19037
17532
12268
23852
7754
17183
22266
20445
14919
9496
2688
1689
11418
23041
32590
26976
17329
18911
768
3847
13037
32660
3326
31145
29791
13889
29850
24403
31198
3472
32766
8955
19163
9510
28724
958
13781
28191
23991
21280
27194
14699
21968
1200
30964
1105
26455
3556
7068
15512
20689
320
15298
30465
1344
18286
4458
31717
31799
1432
24645
26233
4909
32017
28588
1996
4058
28715
17366
6151
30771
6305
7319
8491
5156
27813
1411
2778
1913
19886
25053
6336
4190
13305
20479
29078
20969
12270
23466
3884
17747
1825
17848
25391
15478
9609
25258
7089
11795
4640
10637
27706
570
22208
4479
13918
24271
2303
21365
20946
24170
11005
22921
21891
7760
12634
8654
26791
25248
11025
5943
20392
23319
28940
769
16801
25105
29110
29347
20380
6374
25839
13251
1444
3092
31011
9147
27061
30338
26142
20396
26151
9144
10980
4394
3881
25557
13951
26512
15230
22882
14950
7074
15861
14949
16696
17726
9760
1371
20773
4472
983
22903
7844
10574
23558
10312
17871
13536
4418
14891
27048
10979
9007
32089
4536
19783
29242
19418
26575
30657
9875
11635
29937
11281
11420
23906
21277
14380
21596
28483
21132
27218
25887
103
11011
23394
9460
6722
29654
797
447
21728
19211
23011
22181
29682
12148
31458
14585
8629
10932
15629
22483
3285
397
31859
5540
22742
19282
9940
26919
16090
27557
19619
5642
2995
19033
18971
24261
751
14196
13449
18127
20377
24904
22977
15810
7432
1846
1353
9282
32650
31799
6492
32527
29280
10384
15554
30709
8231
4087
12924
681
22403
789
4545
10849
1873
4658
20518
30418
28690
28041
19829
25892
23020
20969
9135
30466
11622
15108
1369
6768
24528
23230
8299
640
21969
17487
8264
24566
12582
16120
7170
1368
30646
23856
4562
7509
18931
404
20904
1607
19045
12627
20494
20036
31657
13890
12240
741
16169
23092
4652
13700
2057
7588
10881
6011
17821
30349
9077
31616
18773
10457
20069
738
31462
20004
15758
14292
16457
2017
20746
2664
28436
16454
27886
843
27135
5199
23911
11104
13098
14025
32345
3474
5080
22032
28282
17888
30396
25481
21017
4789
23924
3425
4408
2363
6027
15246
7889
13954
13193
8796
25060
19187
18068
13790
11522
6262
3934
30227
1650
18341
15843
11834
5991
2780
2039
5561
23777
16184
32270
32346
24760
25934
29954
27003
7425
17698
15754
13530
24505
7880
25460
22721
6417
21925
25591
11691
27024
11537
25148
21970
30193
22496
15801
19028
1410
6835
275
10624
16592
9923
32443
20320
22391
20214
31658
5452
16221
1807
2953
28353
621
19263
20884
24933
19064
13404
3096
14402
5495
30266
24902
30551
31034
1597
11471
30224
9663
7839
30897
24924
29268
28917
26663
25465
16511
2400
10431
11030
24104
5352
10125
15781
13313
26667
6555
16335
12823
1991
17991
32647
13887
31572
25562
12183
30179
6494
2431
11914
30395
8313
3514
21597
10300
2207
11459
25047
30906
10682
3087
21177
3684
31302
13237
23046
27242
21877
392
6462
16389
5206
13916
22817
8953
13468
32430
22254
25072
30303
30266
29050
5290
19542
11097
8580
30485
3290
27506
17183
20124
29123
28968
6071
28747
2800
12608
4789
27253
10928
4456
29235
31782
11028
27290
13468
32463
21218
7806
2970
21319
4334
7543
5568
31716
27434
13176
3445
1113
32250
16734
7212
15149
5843
11073
23203
7880
24243
26531
11790
9553
28377
27308
22679
16277
28331
13830
31820
3102
6998
19830
15548
27544
24473
26599
31651
8851
27987
8426
5475
18238
19549
30906
10012
16958
169
3876
12034
15813
26961
20864
11318
19468
16049
25709
22197
4008
1787
22817
12085
28902
6471
5676
14792
2402
15714
28224
13384
23
1623
29294
16715
10800
25113
24669
11847
29711
17674
17351
20759
20991
18236
18582
2225
23418
9935
6700
18679
32024
19042
4445
10784
10867
206
26714
2144
5686
25224
1674
1763
23720
8309
27523
993
22835
21807
4858
2265
2321
17650
8066
5886
5803
16805
29892
4205
30874
32503
11935
818
19749
29354
10498
31286
4942
919
19508
29011
14559
31047
16186
8852
10044
2034
14547
24404
8922
10383
26662
21306
3031
29836
15461
12609
14304
4807
26285
31889
20389
26006
25753
2344
21832
31671
11194
20462
18577
11307
21819
5465
5058
19202
10640
12543
21946
22123
6409
18530
23071
18803
8510
1287
3809
26670
15181
28880
29189
10483
31984
32100
27796
27479
10934
7125
19917
22131
11788
20099
3822
20716
21567
7065
1674
199
11251
2002
2429
4921
1502
22719
2408
11831
14554
5766
26420
9536
9411
13005
24283
3836
32220
5126
20532
11813
9475
4532
21554
11034
29009
1383
22599
9479
5954
32454
2815
10055
25329
31542
7051
21282
5515
32401
8119
23363
17556
22350
41
3981
1725
5732
2905
14496
16798
5750
20386
21217
24069
14750
21223
28457
28297
5755
7322
25654
18504
6718
7332
28374
13499
6345
23755
6671
27352
8537
32525
27534
27192
11626
11264
29610
12401
2717
23866
9637
3915
1494
24783
29816
12876
23129
11356
30157
27071
4700
3113
741
2671
6987
28044
12072
28155
10315
4544
4557
25478
11979
21141
15863
23328
20188
21604
8286
404
13646
13045
6389
4193
25553
27772
18233
28624
19855
9141
38
23002
32496
32532
1476
6108
4369
10390
16303
7340
211
19999
30964
1176
7972
13474
8578
1636
9276
1348
16790
3107
31161
25825
472
4762
17921
27937
15698
23230
9247
6003
12705
23086
11793
749
8548
18872
29437
21846
11761
16087
12686
251
5634
25698
6752
16435
22460
14229
21416
30258
26993
10393
26422
18068
12966
19306
22138
607
19941
10339
11742
20064
3359
2617
16684
21562
14650
20016
21895
17314
29917
447
16172
2725
791
30772
18650
1896
27280
6513
21801
2668
22003
18654
29424
2506
27291
8971
19166
26956
12128
26808
16134
9297
19586
4142
18942
23683
11257
29292
7499
17740
4269
1869
3364
17572
31436
30947
12370
30670
6502
31183
12879
32230
6745
1481
1529
23679
12182
17257
17537
4733
26805
30067
25432
23501
12499
9359
20680
7013
14780
30253
12308
12330
5647
18991
2440
20414
25898
12551
30728
27356
7339
17537
10665
22337
10993
23909
7265
18491
18636
26496
12379
22997
15624
1132
3199
30440
10079
20612
10541
28589
30713
6528
17625
11047
10875
3700
1978
25523
5028
10783
28752
6906
8532
9995
882
15513
26765
4587
24804
11513
9728
22976
20415
8947
16458
30094
30026
25376
23555
32452
12405
21578
21390
8072
21192
22292
5957
27459
2622
9820
27885
25937
22653
13926
2725
26609
8685
21788
20948
27537
13265
24779
27774
24211
12838
32494
29256
22020
12110
25382
31044
7268
6464
30416
28150
23849
19198
10192
29286
7235
4065
32123
11059
17948
25950
13374
31764
15834
21500
18299
25836
22715
7454
9171
10014
14813
30555
31124
25542
7156
24223
7678
19047
12384
5520
25154
6107
22751
10166
18028
28472
27196
14349
27396
2719
2409
299
18423
27207
25857
20148
13815
31896
26634
30647
5348
14073
13720
9075
2207
2702
392
17454
11183
5197
20577
20738
2717
25897
26552
79
20885
6793
20603
29237
31348
508
26826
12963
28910
22237
25053
12804
12431
546
10572
24391
18731
25973
177
9653
18407
19484
23140
29161
11351
17767
9174
30561
16401
16414
622
13904
24197
2612
26694
29738
11716
10908
27339
23823
2071
23490
18739
15404
8008
20795
100
10802
22497
10102
21539
22806
21211
21490
29631
5232
27244
2763
10639
3100
1762
667
10544
15647
31783
8189
13901
10083
30138
3831
32579
8008
27589
23007
27061
8056
12384
10619
64
4305
18882
25836
29383
6880
598
6849
13115
28551
3599
8590
30308
24724
9448
13334
15628
1420
25237
12826
18949
15174
11701
25135
15247
17315
7497
14151
13523
5156
21280
23701
25309
18689
25008
4011
19354
413
9575
17018
703
31116
1290
29094
754
27528
16767
13445
3635
15265
19188
5755
8829
22903
16436
7642
25036
15403
27726
6643
8867
15042
9598
11506
24411
32309
31798
28611
575
4527
10775
27784
28702
25249
31006
9517
27295
4700
25515
4380
24864
3809
28552
26841
8808
30280
9787
30066
7866
1193
6387
1469
24221
19810
4262
2768
31729
19214
6473
5084
3377
19866
30659
18622
18372
17943
5537
5772
20436
6054
12463
15792
673
18930
14206
20620
16444
21366
1688
9170
12446
27758
12415
7396
24346
17571
27249
10714
19969
18195
23191
164
9686
5221
10926
10299
19931
6931
6572
2221
21859
23900
31524
7513
24537
12583
2882
11388
13417
32027
2760
24809
28340
27570
4942
7888
8725
7065
23603
14088
30435
24727
4393
20355
21564
26123
30527
20680
11316
17157
7371
2169
22208
2900
30841
24430
17609
80
5387
7374
19738
10139
18611
5408
29399
16494
1994
25153
18398
30411
8116
5627
17566
26698
3718
6681
32184
19155
29565
7949
18719
11284
30054
32111
12441
4700
23895
2553
27668
11951
27785
14254
1341
28076
16514
17296
8976
11920
5107
20258
31738
31416
26485
14658
17964
9080
17077
4101
31085
3555
27959
14165
17252
2869
29001
1768
7099
20235
6630
19698
14916
26013
13863
20573
4182
14494
8515
17273
20035
4749
2770
32647
2452
31346
27853
2612
29340
8060
14708
4705
15055
5467
16928
30208
7585
18550
19737
16127
24066
2597
11704
9325
8120
4377
3716
13136
30868
31696
15775
8471
30173
15488
1294
26546
627
2073
18698
12173
22173
3081
17980
5436
6279
21109
11689
20705
659
5972
16732
6650
725
5801
13595
2665
32468
17670
15659
30249
32591
20807
11965
14743
9759
21946
13328
12131
19405
7048
12679
16132
24191
26493
23011
1305
14568
17862
829
12933
20309
27509
3695
11134
24396
12680
27160
28283
27438
21559
1017
22597
15192
6820
4592
13576
14053
549
27841
11314
7775
30709
9393
28160
17397
8101
19219
22618
6677
29799
19353
12003
16615
11961
10408
14183
24015
26291
11078
16548
25175
21569
4871
28005
16940
5028
1257
5550
24978
20268
23971
7401
3120
24400
1100
15031
30595
20138
5089
16748
17942
27787
13659
32197
18576
32690
10119
18996
9799
14747
2279
30511
27144
21948
12251
24831
8292
17341
16384
23491
4442
15705
23518
29830
18459
28346
2459
17679
32144
31189
12597
20317
6007
7076
13294
24273
28150
18234
18547
10896
24546
9245
415
30751
19481
11564
22642
20649
11400
16284
22930
522
89
28753
22141
12918
26044
19551
1439
10034
28588
12921
20763
21727
838
2360
19674
9603
28190
9372
2448
1222
5915
6833
27207
2376
32532
5149
2314
29909
3417
25884
5160
25541
10184
27134
23184
24905
16138
11386
6281
31478
13346
23392
11411
7533
3363
8143
3411
28520
18483
9216
12546
13217
20008
10830
5119
31943
7313
3691
11885
2067
20882
278
26277
805
12718
8613
28490
4860
2091
24067
14466
30343
22901
18871
19704
17844
20504
26251
26377
2249
24073
16729
17985
1204
478
17829
28074
27612
27781
4438
11302
12774
161
25971
8123
20334
25133
12769
20726
20032
27885
17937
16435
2378
31160
21982
1710
5084
4368
28452
19484
25965
5678
19853
31109
10139
13926
27463
7614
16606
28529
5384
304
12806
26970
13036
18665
18292
17879
17592
6050
14166
10874
19302
6026
2288
1013
31317
6141
4529
13564
18423
18148
20033
4053
32166
18646
24131
7383
9951
10546
6430
7097
7938
23740
28046
5268
8882
26871
23352
20489
2667
11492
20465
5552
24887
29505
14761
16658
7572
2825
11943
1416
17142
10288
7308
16594
16057
31365
12827
10545
2592
29003
11934
15857
17267
21480
9680
9451
23633
28861
11676
26349
1937
27275
24890
15293
12160
10247
26191
28147
3420
5778
2511
8594
5953
17832
10728
23390
12356
23126
1252
11588
577
7371
26137
31410
16118
11859
27453
31225
21838
30200
5534
20174
14275
26056
19306
18194
31698
13065
9060
13049
656
18229
4604
30489
2663
6067
32343
13801
26520
22055
7362
7078
22448
2996
29671
20803
16173
12181
2800
20268
30042
8239
9687
27127
25072
3227
21887
1896
26818
14114
18865
16750
22624
14507
7132
3932
3255
27085
9213
28612
20726
19278
8566
26980
17329
8836
14087
13327
28468
23037
2323
24762
979
19177
18542
15798
5259
26259
26215
32096
25658
16892
14603
5307
14956
16591
5878
3703
22996
30675
24460
3406
2772
2719
27317
8008
16499
24415
30818
9727
14977
2980
22894
21735
14452
26157
16380
19897
13591
7924
20061
18859
8787
12359
8696
11878
11791
32155
31095
3553
26918
30710
27279
22915
23360
28947
12188
18376
7747
31829
24898
21395
3029
690
10936
19514
10083
22378
10144
13094
10683
14300
28606
14547
16875
19198
8383
25005
21943
29121
25385
11845
19691
23675
9591
25438
16140
21437
8747
27775
15333
21722
21294
32348
2334
9621
5531
29859
13081
18983
22307
18737
15521
3810
15604
19187
15418
7893
22343
31434
1186
13670
30747
27873
10280
5881
14938
31309
22849
30674
10044
3335
32710
14476
30202
3624
1034
13160
10844
11134
1254
21556
15553
9694
8376
9535
27876
28729
27991
29687
29183
23194
23368
22312
17437
21038
27178
29117
25988
25649
28409
8552
27027
20450
2556
5933
16147
7030
1406
18153
6881
17572
29688
12546
5624
25450
28080
17230
24148
27580
3983
5847
3163
12472
16776
28939
4610
23197
8645
14638
13601
3949
26118
7956
5450
11760
32031
12344
17791
8671
23616
8666
10737
15766
29843
28341
26333
19344
5226
27569
13588
17475
16988
21852
18626
22641
26808
12505
5097
17630
22468
14890
21929
23241
20874
28312
18730
31438
27355
25361
12303
17389
7091
9335
470
8204
6580
12582
30933
30809
13678
1285
4993
4786
4399
11983
13398
5976
4893
23480
13766
26224
24635
31939
7853
29902
7819
28061
1412
18166
23603
6324
4864
27063
11008
7345
17844
23253
582
21286
8411
17439
31849
29956
4764
24621
12669
12535
16567
20554
25658
16617
10014
13024
10644
27757
7739
20780
9173
1674
26902
19864
24603
14980
24175
28837
4430
19720
22294
29224
24096
4210
25937
22655
2709
28219
3450
30437
24895
28656
7691
26256
14080
25071
11008
17911
5391
5247
10502
23767
26643
28327
18220
9329
11865
26344
12452
26762
30988
11585
16069
6686
15934
29134
11754
3415
21151
21292
4076
26847
11157
24367
17037
15160
6312
30111
7171
6227
10264
30726
21035
3367
13644
13557
25120
11709
4659
32201
17263
24341
1260
13597
4351
31495
11753
21773
21912
30878
1053
5276
7955
11590
25898
15627
24036
10508
23996
2563
24279
32173
10412
29164
28279
22011
31723
7796
2302
31920
7557
15448
14331
32758
2628
12232
5255
21211
17139
31820
1591
14942
2944
826
27576
2532
23558
14835
7021
16808
14087
26367
5593
31682
1774
12170
14668
21720
26218
21839
16062
23970
18490
2440
21991
28812
3649
3103
29036
1374
29709
733
1110
20693
21329
4975
27268
7267
21336
18471
30856
27144
13901
8003
29006
21185
13905
14305
21136
2497
28681
25999
4888
11640
16264
11158
4170
3528
31744
27727
18697
30844
5767
7375
314
15847
7343
21256
27594
12705
29043
14961
23333
28470
20571
14562
10648
21982
27173
18493
7436
4476
25735
5829
6602
16454
18017
14800
4434
9882
27735
25866
4027
23387
21672
4043
32607
17379
10374
6916
23721
29956
26643
30145
29356
499
8986
1905
11885
8813
24209
6766
19452
15295
3588
25280
13298
1320
5257
24793
22581
15383
3875
28974
11957
4231
4146
18017
2949
1219
9531
17731
22310
14969
28708
22300
6392
23126
21836
4092
31600
7072
18315
13978
14720
5835
4746
20582
28385
31759
27402
4235
17262
8804
31231
26939
8952
25914
30649
16824
10770
14709
19586
2331
30188
4888
8965
18259
12353
13316
11318
7354
5597
379
28828
10784
9778
16280
16877
20873
1437
2264
9819
19472
14134
17941
16060
19281
13698
28584
4920
31526
12142
27923
8627
12042
17421
15595
3847
16219
3853
21375
28879
15894
8829
20990
3216
21689
25408
16178
6280
6646
8551
7489
17997
1381
12433
5032
914
32633
30291
22695
29251
6020
5439
29743
30638
30662
27731
29237
11896
32231
28489
11306
9447
29996
16686
24979
5437
347
9323
30148
20194
29979
31043
14662
10563
10329
5912
19866
29103
17319
9935
30055
28513
24601
6684
16794
2918
22942
10271
9128
31679
28845
4918
31489
6167
18839
6457
10330
16105
18863
13818
18941
4490
14748
21575
7501
27513
28890
12423
29617
1020
11373
26197
26688
32190
30323
1417
7198
5804
3168
12064
25367
10641
11872
9228
15048
18116
1609
17729
14508
18787
12482
19845
538
634
11444
25010
10186
19784
22308
10314
7352
31913
22104
21189
1544
4563
20662
29091
16322
29029
20156
18348
6869
7832
11977
16231
15677
6567
18786
20574
21137
13287
10738
29077
27967
17588
6688
24338
11804
16513
5647
22809
473
26483
26134
20426
4759
3078
4105
28253
7512
3608
27793
21260
27118
11166
5115
28416
31631
27649
13878
10266
23247
27731
28010
26974
21514
25227
17073
11457
24900
15161
21289
23781
18666
11723
30144
5051
1557
26287
10698
15691
9434
8961
16987
32570
22489
7672
5324
32408
19883
17951
17681
6254
29643
14209
5850
26267
32518
7245
5006
250
15401
22485
32346
190
30244
28202
13439
8598
14625
14749
1279
5723
14341
31289
29996
10715
29652
29360
11216
26194
14923
5976
18021
17385
4042
15614
23101
4992
19486
1114
15058
19326
21789
1203
10789
1411
325
25163
15937
10400
24313
18491
12362
19827
24182
12048
26004
32083
3409
27027
21027
14177
18346
27247
17666
11730
17875
22682
32475
25202
13535
13655
30854
24507
31945
4963
30842
15256
455
22678
31999
26571
27771
13569
3995
14233
21090
22757
12028
18988
6411
13058
21806
29985
25205
1790
19638
29935
2350
14277
1958
19547
616
3746
15129
30172
29961
21621
31092
24685
18993
29428
13000
6004
26399
9708
21682
3450
29500
3953
29251
10719
2287
11561
28314
25044
13027
26105
27641
12225
12385
15945
16897
1033
29650
7632
26318
4537
10583
15669
7632
22133
10165
2900
27833
30763
1394
16221
11058
1728
26741
29660
3291
4982
26258
8805
21899
8891
16710
2441
11029
28826
14873
26941
13778
1532
28676
16217
6907
29326
29984
17329
21650
23445
7426
10571
13699
12014
11139
16563
20649
16266
5355
26199
32273
6406
6229
8296
16203
2802
17202
7498
6326
25492
10845
31498
21785
24341
4250
4769
16084
26925
13916
23874
6846
16546
20585
22288
28737
24530
27731
19258
3151
20477
10948
27494
12039
11873
6692
21622
10835
18391
8980
7454
12481
21929
25662
11592
25502
7498
9244
26526
28677
28127
2908
23506
17841
9991
18456
18401
2026
6760
13943
31789
2460
6490
7475
11851
16377
10460
16517
25728
15640
4483
19425
11101
28071
29870
26848
26588
20822
26325
11744
28274
4295
32358
27453
30690
9129
23886
13917
8624
22504
21630
15643
17791
6487
13545
25361
147
29576
1158
6092
29911
749
12455
18158
17872
6601
2221
10949
3666
16765
8279
27215
28187
26541
14499
4599
4640
29683
25711
19629
4712
29258
26034
18726
24076
7161
31495
2473
14530
2218
27942
23546
8094
24417
30096
24009
28695
5794
5295
30389
31067
584
21678
3038
9842
14222
23527
18618
20324
19481
13363
9733
14611
10483
10694
15712
32338
18345
15153
20043
9102
32153
32361
17455
9376
6213
27397
20601
30816
28083
10441
20454
12296
30863
9849
31233
2590
25170
918
32150
2058
1633
79
32332
25923
11113
3828
20336
30004
26091
18311
10330
16387
17377
3236
343
8078
24350
16436
11071
13902
29925
32715
9853
24738
14600
23402
17828
19300
13395
18589
28830
8083
30154
13776
3774
26236
1239
20543
2554
32248
24941
23416
12615
26101
22506
25161
23938
6129
29936
29047
29952
27545
14785
22496
13844
31044
25376
23202
32584
21811
18216
18515
31408
29928
18431
15399
22956
12490
19095
14505
7219
4198
18269
19058
7187
22449
22610
5852
27562
31881
15584
17103
22442
27790
6526
15653
27320
25170
32443
26610
29840
11423
9107
11417
29720
30096
19826
31727
7589
24357
11884
27785
17431
21711
1676
23608
32149
31434
6538
20016
13809
28798
5439
28104
9077
28249
20097
32009
32600
10534
8028
31513
21824
31249
30120
2057
7064
11052
31804
19803
13670
16563
24858
9653
5176
5423
24929
24696
9383
25589
3509
8694
18385
29174
32647
5749
24357
13134
18629
2801
24490
5254
8869
4438
23243
1714
16381
15074
31326
26155
8468
22565
1040
25623
15555
20071
29819
26843
7589
18718
3598
19599
24014
5785
18892
9943
3399
19331
5640
5477
16195
20081
32585
11248
7509
20626
11324
14205
8774
20967
15945
17802
7483
14288
26517
30761
27703
11253
6284
15398
6772
22579
3568
10685
30926
23222
26444
26989
7197
29160
25933
13383
25328
9827
25530
25928
26312
1771
24724
13051
12495
31985
20285
20221
17990
16649
27312
25962
8768
9371
26510
15104
4438
16226
29994
20549
28676
12414
20871
775
19407
4046
23427
2977
11198
1187
28085
13577
29968
3944
31468
23390
7840
10660
27148
17197
32328
11589
11205
4944
2693
13763
12000
1002
12015
3499
23248
19505
16219
7540
20957
15186
1289
10854
13036
13485
690
11159
20932
13681
10899
7169
7773
3725
397
26967
26958
370
30143
23028
24154
684
4547
21666
1173
730
22109
8292
6824
4434
11227
29283
22770
6602
20010
10528
30128
10466
3910
23446
2063
19077
5190
5845
12442
23038
28341
21591
14963
560
13120
17971
32045
21741
15017
12382
7186
28335
12219
19867
9820
5900
9760
3837
12117
9229
31163
8386
17431
21518
104
24565
20237
25742
10592
6102
7742
12080
11214
2642
5127
4758
19022
23600
4281
30998
14689
8183
10938
19225
25537
18460
19559
5689
6331
11625
530
8453
24972
26968
7302
17642
656
15860
4128
13241
17367
464
15107
28510
4455
398
15283
26454
27395
15222
18445
26534
21393
31617
32025
268
16223
30589
18877
14765
10592
1800
13986
18945
18644
27678
22223
28760
8754
5388
25819
30528
6547
4722
10404
21654
32742
22615
14563
19964
25591
6311
996
32664
27165
22317
30761
21084
7261
8612
8237
31179
4374
27535
4879
20456
11480
7697
5494
5672
17995
29267
10379
24124
19727
14344
17244
2376
25021
22229
29554
31710
13678
29926
10314
6213
2545
17778
22895
3059
5879
26198
13347
3321
25695
8172
28530
18168
25343
1616
5118
8071
923
19373
29988
13920
26916
28193
22274
23549
16381
31849
32652
24218
30111
8460
9797
32296
3710
10815
19387
28266
12707
29830
4058
20435
18658
31413
16458
24138
22548
10800
21373
13295
20104
31234
21692
7495
17525
2541
22863
193
2412
17900
16535
157
29018
27187
17646
28355
19505
16530
12807
30212
14093
22534
8908
10545
27455
31776
10451
22161
29862
26236
1672
30336
1669
3371
4514
24760
29176
2553
22864
13070
27821
23
8029
10267
8658
1112
22730
22821
12941
29844
10673
11599
11957
3385
18939
2447
12425
1192
19706
15796
4678
16248
4204
21551
6511
27655
23485
29993
2376
3521
6086
22563
4496
4728
17760
11832
4835
103
2589
425
6878
4417
27161
13259
2243
24438
16132
12699
15358
8918
15360
20051
25068
29786
25816
21907
10360
38
25320
11678
5771
5227
15328
31533
22758
25962
13831
16371
7737
16639
20465
27667
26585
26573
19092
29166
29014
29488
98
24570
10319
694
6106
1209
13078
7023
5738
14665
9967
5977
26362
17499
22127
5070
29290
11861
20537
24614
7096
19885
9929
504
26713
14150
24336
6793
9102
22463
18651
15545
8965
16843
830
31254
22261
9298
2562
7576
6186
8334
30285
26161
9760
1519
4478
27982
9673
16624
30210
10692
12690
7564
1937
17802
9170
14042
21949
722
10577
7177
18257
22423
8514
7521
608
267
12187
1798
12148
4329
22872
16816
4349
31555
5267
16950
29148
11195
6438
4512
16896
18658
32541
179
29125
27243
14415
20799
10091
8538
16344
14462
28537
30410
21730
24441
4265
22776
8561
11836
8743
28106
30572
31618
6049
21461
31012
26987
12570
11983
8286
3542
29911
32271
7798
2224
31603
15907
4754
24391
16653
26555
19002
12908
526
4894
14962
12133
10759
25919
12424
19084
11710
10765
25097
24050
24374
22728
20126
7145
1678
23816
25153
15390
23814
15927
9450
3632
32296
6096
25003
15622
25149
21492
14736
22473
24391
23110
17606
14912
27142
16279
28993
29455
4825
31915
18154
26573
30421
18739
24594
25214
32628
8909
16739
28510
3443
3132
19772
14174
2270
21972
31847
22559
27150
19707
2019
29838
11036
17908
21952
25668
20936
22465
27920
29017
19228
17247
5418
10017
4547
14103
32323
7252
2698
31038
3337
25873
20386
14504
19706
23764
715
5021
12711
24110
8540
17045
1424
21452
32139
16941
14824
25621
9590
6465
10715
31865
10820
23836
28420
9902
7801
20942
16082
26540
24431
3111
24722
15976
15088
30814
31518
866
15973
31888
828
24538
32439
17456
27696
28003
442
7149
7653
21116
1471
22380
8932
19604
17645
16402
24592
16252
5467
5696
31502
32282
2171
32625
24139
10531
27566
6963
17689
240
8347
10622
8066
15820
22542
4975
3311
15256
32217
13312
7394
19960
24121
32745
15460
29175
13279
815
3979
28515
21517
23034
27150
27584
16642
27501
22704
18277
14394
27945
10697
20751
26665
30109
16367
9465
3830
15950
30789
4130
14799
19657
9022
28308
22913
12619
27523
4948
8934
20014
14765
13286
28161
1990
22866
9463
358
28898
11519
9040
3713
15639
13128
16081
10621
30539
5288
13876
18337
7400
25787
15438
24246
7537
7609
26614
2224
980
2036
9661
8847
5626
27588
6625
14910
22580
23751
7159
10717
505
1830
22697
19133
28320
24224
26367
97
27819
30176
19064
5905
30460
17691
7794
26529
12889
11395
30893
13822
30468
10539
18355
26624
1783
17774
15058
15548
23551
23052
1208
25669
2760
21613
25312
7977
29869
14031
26733
32526
12683
23508
23614
30646
22500
31523
28017
20047
11059
14373
13705
25597
9956
25345
26312
27871
25298
21624
15659
915
22289
14977
2175
26265
26811
24192
14480
6127
30610
15022
30488
20028
24986
26876
32012
24364
17904
20674
7975
25701
18570
121
14704
1735
29545
2383
25085
11223
28934
19163
4895
23677
5107
18114
5935
11228
1130
32128
27213
30706
17473
17299
32157
21222
424
23954
15371
3107
2022
18808
27922
28812
10957
29
11421
11801
1426
27081
15602
17166
27637
11682
31354
31210
11361
20540
7341
18873
15848
19289
17935
5977
27926
21347
11682
106
23215
18844
16541
15343
18547
11931
29448
13645
1373
8275
24632
10455
31022
20613
20900
2567
3377
14877
19821
24758
19827
16234
28839
27166
31224
3755
1988
22348
24124
15891
25034
13967
4102
3227
8779
5293
27211
26951
27598
16619
7868
21858
12397
31657
10098
14935
21048
29249
6826
20036
26752
12094
5076
31552
23650
14856
8931
3073
15765
13955
23079
25791
27483
20671
21720
28166
27116
2235
20903
15211
9452
722
17552
1536
719
31716
17324
30127
20713
4209
7673
22991
20553
8436
31307
28658
9476
26485
13893
29751
26058
14762
26705
11648
22293
14485
24003
15342
10940
13997
20395
620
1132
1548
7216
15601
9769
29458
14162
3640
11372
29718
23559
23888
20635
4471
7806
685
21264
22572
21546
7007
1362
21944
23510
18814
30155
32135
16738
10449
13920
27366
23239
25136
21287
16594
8039
18342
4806
2756
21109
11309
18394
14989
135
13658
15940
8355
13784
600
30532
8430
8021
5121
21387
23298
2936
1659
1099
22689
17783
9013
29042
4582
12379
17086
1866
11610
1530
25402
5707
14379
6731
26460
157
339
2234
29811
19104
1182
19324
15407
24283
4325
14130
27164
29375
24554
6142
23306
7084
23498
17713
7542
21575
14657
229
25604
20811
5744
14101
32308
15820
17786
25675
13118
26177
26698
26481
25665
2063
6038
3917
13952
10280
5010
29002
22131
19009
6270
30805
12626
8274
7552
20949
3966
20085
8987
31412
27444
23138
3463
11118
19651
10689
30347
8432
9865
731
5550
31700
15959
21569
11898
32442
3369
5474
28203
21334
25715
16769
14846
26581
1709
24681
15861
24070
25640
13103
21248
14464
4469
10659
17450
18183
17266
31378
9228
14031
4491
27185
14808
18135
20287
29363
19198
9354
29383
4817
26108
11934
18347
24867
19110
25828
15017
26703
22413
4349
25304
30380
20891
9586
4595
2172
13932
6166
23576
27976
4663
3761
1674
24402
16626
28369
32582
28033
22441
19377
23180
18949
14425
24268
12357
12200
23495
32510
28619
13509
29316
19902
11902
32732
27121
22097
26234
24486
18737
25648
13500
18834
7229
30014
23599
13982
21237
25295
16546
1700
2743
9971
13026
19738
9385
23440
30467
235
20805
3338
13415
667
3845
10351
9572
30556
30988
14316
31890
4388
24059
8581
20223
32382
16977
3887
26203
31651
18566
1038
19961
21912
29838
21181
5945
13647
32196
29846
23298
30706
25354
18108
32024
16631
13677
4190
3378
30432
5275
24640
15973
818
2244
12035
5608
16953
25983
12584
14931
17006
25229
6396
20320
10994
6852
20356
6985
27910
23851
15546
26087
25099
25240
6177
13656
10249
1934
10253
3035
31465
26999
4976
17372
9433
18225
26773
8355
15874
1680
3773
8384
9757
22074
2172
15022
11642
26140
18857
30666
29827
1237
19615
6436
8037
8574
29311
3884
18264
31877
10938
16261
15256
9078
16996
14742
15169
20090
22865
31133
19058
10026
26490
7895
14272
18823
27890
8503
18165
16256
29441
18585
13662
20320
15774
26555
19439
17509
18597
22583
9567
15621
16134
18890
29498
9800
27686
13567
23948
21130
27605
9920
8282
11002
12828
20512
5364
23932
11237
31124
5137
32685
22733
15202
20511
10011
31267
14461
21942
18525
914
537
18134
12404
18219
1110
27494
5393
18369
22685
24303
21879
7666
3697
14691
13583
3369
10708
22232
10201
9588
26996
20611
1273
11793
28579
16409
12958
19335
7653
9823
21196
27755
5091
21634
14803
27650
8644
32750
998
9056
30868
19503
21260
24873
28146
19238
27654
3961
2459
19495
17418
4873
17848
22204
27927
12645
4116
16970
11605
16979
2384
7507
19293
29407
11450
602
3705
23021
2219
8711
2368
20629
1671
18673
23341
5663
23913
16438
20532
16016
30488
32713
528
10690
6174
307
30298
19621
30437
26950
9222
5471
11165
3010
30865
14601
10688
13255
21573
15504
12025
27240
32588
3424
11844
9684
16797
27520
20451
16818
17158
23827
19103
11798
24582
17999
30101
9710
12897
8394
19621
5363
7182
31205
19275
13874
10006
12272
24407
18906
1991
15981
103
32417
2089
31146
5560
6071
8406
24542
7886
1255
2234
28
22376
9241
9085
28863
13959
23964
13649
27497
23650
23380
6358
4846
20826
345
8218
13402
8694
13287
1659
10424
21937
28292
23303
12078
30598
462
13116
20737
21541
31104
25996
24120
18019
5813
25098
11099
30533
27134
13998
6816
15252
31405
66
2016
10361
15027
20653
15239
14474
8962
24785
17431
20373
31131
15830
21693
1487
3552
7409
15173
21915
26471
16739
40
17919
9344
3963
2578
19867
2990
2152
554
11364
23354
31477
1927
23946
16714
29998
18870
21392
11419
2003
17465
6904
6091
11487
7098
30741
21955
469
31279
10994
459
25519
7841
2619
14383
15689
3768
23107
31089
3234
28195
26898
19197
17495
14891
4047
2728
8492
4201
3651
28943
20763
27335
16185
21273
11845
27755
1959
1890
16002
29200
1467
20708
14009
20405
515
8394
18168
19906
14687
10596
28296
11886
21511
18655
16148
24170
12157
14277
3000
1132
1416
19982
3112
18087
1855
29071
30479
13454
24529
9398
19954
21290
663
15341
17748
12551
23529
22959
4528
22434
2684
23471
27530
22148
1668
21935
1603
10173
376
9740
28252
28830
19843
27806
7002
14230
29749
27827
31192
25469
15710
31892
31764
8571
12269
1969
11733
6301
2764
30452
5831
3229
16218
25804
12728
14707
20397
4829
30870
24780
4854
1737
4829
2425
7217
4675
32012
17611
9436
9778
14551
18211
19343
11993
20303
28110
12202
27739
1699
28047
20771
32552
22052
997
15411
19731
9563
11614
32629
26687
12059
6849
834
6039
31096
26233
11986
29290
18248
31784
12076
8979
25336
4536
26302
32033
11360
2402
15632
29516
12136
22653
3172
1508
16478
25289
2321
19196
799
6976
15120
16417
18981
21831
15069
3649
24849
12844
4102
4062
22495
5507
21426
1487
32515
23969
9912
4438
22056
1060
1549
29816
7985
562
14479
17858
29143
5041
28183
23420
17710
24586
23076
1945
22549
31310
16986
22839
20201
17884
4649
21920
13744
15955
22832
31720
30061
27224
14539
21382
6168
22047
6837
29996
12125
11886
23766
30081
629
23951
30401
10024
21652
30615
24180
16222
15130
24291
2391
26562
29864
163
26961
31508
7075
8514
4569
29067
7710
27861
12163
30525
19711
9380
4333
28928
15420
5206
9017
30473
30958
26789
17601
29551
2354
18746
10630
14685
3973
6075
13358
27224
21388
7786
28598
15268
7371
50
21282
25105
21512
31362
1922
7397
864
17025
9840
1581
3640
2209
6333
22820
20265
12750
30922
12489
28293
2216
1519
16770
32318
15752
14508
19225
30013
13891
30546
14844
3688
2242
4355
5332
6605
31221
28446
14148
22582
29676
8040
25928
25276
12397
19589
17513
30675
30903
15228
21165
27294
15709
23531
10201
16569
17875
23498
13525
11456
12423
4892
14771
13003
14534
32550
6532
12638
9089
32533
31143
28585
26995
11151
19984
2607
8808
23507
32475
3741
29954
1814
27064
14922
29013
11423
2838
21106
20436
9787
1454
2392
4321
17616
19774
13458
1857
16073
14461
17566
148
12408
20006
13542
1933
25778
29044
10656
18514
15765
12168
4883
23895
31608
10116
31301
1726
16324
23949
22866
7266
32609
28033
20879
17242
2326
13074
29089
9147
28685
2824
26277
23343
11329
5457
10345
2072
25620
4087
17298
25965
26191
22218
2695
11040
17833
7094
2105
30137
21430
1973
6947
17080
21335
8710
24412
8041
21589
21494
16958
5750
16780
3102
5508
12145
13355
2730
12098
21589
20863
2166
4653
22657
656
24493
22542
2596
22723
31437
20554
12839
23669
4233
7513
15966
12816
24841
8524
10760
11841
27956
3220
25525
13264
16758
11324
13251
26728
1064
27835
3814
15769
12551
24694
9071
27956
10885
14531
14676
18476
24848
3096
32088
9793
624
2853
11742
24195
10086
20880
26917
2326
3229
17913
28103
22046
24584
20172
26565
25096
505
8503
18644
30985
28114
13379
18370
6487
8737
18742
5253
21996
5977
30151
28617
32384
8250
32671
8683
21754
9781
4641
24893
5332
28602
16293
6559
19165
32701
27485
13714
4981
53
6926
29296
18555
7293
31097
4243
25149
7535
5351
21109
137
16784
25506
9407
341
6108
29406
23457
16655
27519
4580
14050
21098
20395
26714
9495
14456
22451
11136
24941
24610
22721
4565
23042
26193
32294
5889
945
368
29802
1402
10958
27204
11654
26584
17328
29769
27179
15253
23152
31531
29016
19648
24391
12348
18154
15654
18858
30136
8603
22007
19313
9840
5461
4793
20327
3641
30538
8257
4165
15990
14957
27272
2312
9721
6112
909
9889
9076
13295
12511
3909
6173
19606
9730
22808
23155
26923
3508
9490
265
2819
54
4898
17678
14503
28245
18388
14857
23703
21967
11393
22068
3185
27401
19943
7816
4451
5582
17929
14786
7925
26797
22237
24680
24254
15152
25016
2647
23620
905
22503
8865
14649
26189
26376
32429
16986
14838
25200
13610
23475
28309
3662
24311
26099
19643
14212
31113
5646
11950
18774
23700
3025
23782
6367
5828
10299
25332
13020
8148
7850
24415
323
23647
3939
23957
537
21027
8400
17683
2164
32318
7968
8876
31627
28981
30745
17068
21264
18625
13844
6669
28661
29972
5064
19810
28545
9447
17099
19838
4137
3586
22249
1507
3059
6178
25492
5777
16760
12859
29456
19122
2428
26055
3184
5541
10733
14446
26168
2983
15274
12064
26653
19403
14948
1182
22565
31991
27418
360
2501
8327
16166
30162
26697
9659
9796
20337
3655
6130
11798
10749
21760
2580
20496
32582
1166
3483
18304
10802
15954
8296
4690
22823
20448
4298
19920
19834
8616
10806
21387
23110
26343
31048
9884
23160
8669
27472
31369
29323
5983
26146
27662
2873
24245
21014
14209
5159
18689
4825
2500
13455
11486
25522
16499
21034
28765
4977
2372
20331
5233
15536
31702
20766
14530
29469
31088
20502
27790
25913
7554
20147
25565
26016
5853
8641
7349
20623
28743
30117
10827
10688
3251
25030
18886
26256
5888
1754
1152
29014
32134
31026
18819
24565
1573
31762
11441
18597
27395
15304
21463
19774
13792
14759
1450
2046
23979
10104
22210
5612
17580
31583
16052
22475
2393
20070
4641
18700
21517
24902
18193
13243
30785
30065
30629
2936
8299
26540
27047
29881
22425
5818
7177
17794
28311
4109
32443
25408
4258
10330
21871
6646
6795
10690
13382
24490
14962
16452
26847
14792
13871
32144
9402
22970
28978
4041
25437
626
4724
5485
11444
5935
16645
20930
12691
11661
3676
27102
9778
10473
3438
15259
27161
20333
13330
11894
29411
7832
7827
31158
8949
10616
10940
14100
12093
545
31236
22508
749
11174
17134
9727
7997
29341
20742
4064
19083
5476
1295
8760
10656
25250
14833
3300
1749
12893
4803
32198
521
14813
4645
26097
22552
11715
2170
2582
24329
30668
8898
6372
18545
31646
21216
4807
21197
4323
21529
23474
4953
23014
8324
20043
13816
12541
16456
19819
15808
7259
13830
26361
1631
21072
10480
15017
28062
10096
26821
25668
15153
8041
14445
13362
20318
18309
7051
17977
21175
7740
8113
11249
4976
9076
14255
32467
28221
27300
26595
9800
28775
1803
25777
17430
16545
7287
1679
15539
11905
8740
29394
22665
14836
25480
6827
20781
2137
5182
32512
6045
561
5408
1751
4232
22894
28931
4204
18756
10003
32452
31838
7198
6502
8981
28883
22232
1636
19273
12587
257
9076
7139
26778
26658
9568
17065
5953
12781
18321
10204
26348
10560
13699
24998
3216
26310
2829
16437
2196
21904
29671
31868
22656
31568
17872
28213
29849
32487
29945
2335
2954
9687
29075
1892
14160
1081
16075
8236
27154
29851
4128
18100
29754
7334
31580
24368
31936
13551
19498
3788
13010
2028
15215
30839
23764
31324
24136
31021
11806
29270
3368
31943
9588
32255
11059
24524
26720
12957
4414
7651
13976
30262
30028
29195
18265
13882
22925
29374
15240
28394
28887
16451
4712
5304
20210
31810
2659
29350
12105
31191
11301
26406
10251
9879
2238
6328
4172
5100
4641
29819
24266
17691
8158
19440
11564
20675
15475
11268
24024
10142
5277
2504
20557
3724
14101
18575
20783
28763
2261
23422
17513
18860
19745
15096
8466
21234
12217
7586
32021
9252
14409
20509
11215
9281
17638
373
18801
17408
25068
28969
18905
18166
19602
2358
31123
13933
20783
7926
19710
24287
10306
16572
7890
3846
2674
18176
2963
29447
25726
9278
27460
26920
19147
5440
22315
21552
9017
7577
16119
27670
8977
25448
29678
18173
7264
31565
4073
3207
11171
27584
16584
7971
22338
11845
18567
19234
24294
29122
31852
20085
6931
13768
4904
23200
29843
30916
14516
28435
223
27014
25064
28222
10492
26306
29003
1697
24854
8968
8505
9596
28692
26025
31425
6632
24022
13867
25219
9335
13671
9488
24261
28121
18441
30094
31716
28558
21926
13502
12458
1227
25260
10570
18633
5763
7455
27220
26332
6522
8850
18849
29756
5618
18321
14289
10898
28529
5679
9101
11041
8871
2977
10849
28893
23680
24014
9358
29424
29018
3279
1230
8965
16340
2612
6939
8731
17275
22912
32005
30641
5049
32488
24602
23669
17147
11165
513
18124
12563
27060
14687
10147
17723
9759
18353
22737
3122
11878
22245
32365
14559
17119
17863
19316
18324
30823
18074
23088
14766
1631
23193
8810
2291
11522
27064
27195
29142
11551
23133
9364
11582
23359
15504
5279
23914
26100
10249
30123
18814
131
9944
23991
13652
16432
15712
1296
30825
14479
25745
10946
26068
21132
31821
20652
19906
6180
26880
5510
18412
5535
1187
28893
24850
2337
28451
5804
14262
14083
24549
20059
26458
593
16883
28927
1738
15936
31969
15950
9171
4128
21621
25897
30451
25277
3443
2139
9472
23879
5766
26077
5306
17422
8663
11984
30498
32458
5131
1596
26435
25555
20964
32610
1464
9835
25351
676
32159
25826
16012
2366
23534
4367
3542
6478
3010
895
12823
7361
26830
20190
3241
18897
18563
14385
21931
32297
19948
16829
32342
27429
415
3023
23156
8661
17761
3430
18114
2124
14026
7477
17111
27649
25088
11671
7881
9115
7924
13273
5403
21696
9310
16872
5560
7536
15363
359
19384
22020
17829
22042
22258
24373
10105
2005
26637
12268
28110
5195
27511
21222
5189
27350
12176
8943
13427
1789
32379
28331
11170
17354
6575
20832
6902
6909
27747
28939
15405
12992
6654
31067
21418
18042
32736
540
3625
14820
11369
21320
17573
15529
913
13272
11388
16817
21047
12726
20423
7450
11939
25371
8894
636
16535
13889
26652
6732
1393
26919
10714
13577
27668
16039
22669
17676
12539
22916
30552
15271
1848
910
3123
814
32275
12364
30221
22258
16351
2275
7797
5048
15753
8271
22840
10123
20141
27327
21518
2172
11103
2074
28888
835
21435
18252
1798
16684
16693
10936
6534
21433
15570
6285
30102
30335
10492
26680
17552
31744
385
16894
9276
27421
32162
17337
26429
31618
17130
4578
4626
5849
6239
5053
31347
16213
31193
6405
19522
343
10325
9083
3782
993
17393
14209
6663
16821
24577
7363
31437
21965
16625
10801
32707
3700
28101
12181
29765
25783
26633
17705
7873
18432
3226
23301
16743
752
25654
17001
32735
3596
26220
26138
14284
29568
647
3928
5114
17037
16452
28836
21578
29432
8893
14078
31079
24981
13044
13081
16292
19211
24929
10370
10565
5125
32553
26932
2064
28966
8372
10473
30434
6808
30511
22915
15733
22495
5192
12732
22061
22519
18312
28132
15032
12614
7044
3729
24129
14392
8311
1850
34
15629
10640
13832
21205
19395
29901
23622
31915
31883
18183
16505
31065
29879
17386
15801
20173
31609
23578
16557
17421
16457
7075
2767
20994
9274
26317
19726
30597
24765
19692
20066
17493
12067
12731
29078
19114
31511
13855
23008
1186
10614
8879
17903
3980
21611
29500
9101
32362
2672
20860
17171
19461
32662
29205
31288
2118
21078
19135
25954
13517
1966
16955
28580
10272
22085
29934
27498
14681
840
3313
16521
27423
25105
27854
594
30602
3347
29259
19634
24926
1689
25903
31373
19109
12540
7288
12844
3387
12996
1929
14794
9792
19240
27260
1856
13897
6935
15378
29475
10351
17134
6313
6980
9089
2702
30361
26138
29792
32519
15518
22720
19364
32175
9504
27179
23337
25481
21037
17617
13858
11072
7311
12120
29506
3132
29660
8735
22914
9907
13468
10379
25390
8754
12204
26190
13431
6652
1040
26698
415
28365
984
23338
10730
27175
19319
29096
29496
6579
16037
17732
2116
24726
6719
9716
25320
9000
8648
28244
28414
6832
21817
13477
22287
8148
12085
27151
10503
13477
23121
13243
28316
24077
15659
4045
27389
3565
31914
5248
25466
26992
20579
21005
32491
10953
12072
28879
21167
6964
29767
25541
15970
14815
30121
11983
8327
9361
18523
27115
443
10496
17649
25646
16771
7533
8259
14301
11970
31459
20427
14126
16766
19978
1909
18107
19477
5007
5983
4221
32728
18661
18028
31934
19336
3596
20082
14441
739
3652
7731
10871
4692
29259
17780
182
17573
21867
3795
31004
11279
12722
14338
4689
14536
23505
7666
13488
5455
5207
32404
25612
28945
10932
10187
10575
13097
32692
3890
20846
11804
13117
31272
23055
6338
10032
22385
16955
19073
26642
3863
12360
18330
31919
30821
18005
31081
31692
6345
17265
20967
7931
3897
10409
2558
11987
22385
24517
16380
28128
8245
4923
14642
8939
32185
10524
3517
1963
8619
28311
4483
25303
14678
27585
2945
29817
26014
32510
24261
6246
29275
25090
1624
7388
13058
23796
16933
16741
23626
11151
26800
2978
24479
23612
28793
20035
8714
30206
5433
23697
19780
13007
15845
16438
17269
21968
27941
22131
18122
2313
17881
14938
28766
20699
28342
8163
8107
7761
1358
21525
18548
15931
11863
27428
4894
9515
20945
882
17067
30664
3546
5792
30173
6211
25937
17800
26518
24288
30835
18990
13907
7400
31715
11853
26993
9954
24418
23288
21146
801
1194
17209
2327
1290
3237
14426
12488
9770
11674
6067
4262
8986
16272
16522
17889
22778
13940
11276
1550
4835
32572
23132
32020
13889
30415
17121
18043
16784
22484
20984
7344
27171
12012
5167
9033
4410
11430
26600
19854
12390
6964
32628
19976
9410
17332
2255
23961
7373
24152
27324
2147
16816
15978
9205
18771
2955
5058
19924
11157
29509
27937
11448
4187
29557
11486
14241
18049
27217
7684
10467
23417
8812
30717
8622
20679
17297
28687
7426
7383
286
30332
30895
20002
10178
19355
27472
3517
31068
3741
9383
28214
21608
13009
24984
27150
15778
25270
9222
11735
645
32645
418
24661
6074
13835
8199
19941
10035
15927
7209
19730
24598
1393
29823
32519
21122
1871
2570
13258
10476
17222
23958
10794
20548
14641
23276
20462
15659
27513
4722
3415
28230
15969
3214
30766
10307
22087
3030
5421
26586
8091
874
20977
14736
7590
11254
13671
5008
29713
6187
13226
247
31781
1609
19051
25661
7536
20961
2827
6191
20592
8342
29322
17108
10616
10192
19760
16801
22137
11091
25035
24467
13558
11009
28278
6061
7814
28709
7949
19049
16448
20500
26346
16984
23755
7490
3209
13747
12444
1036
13253
21704
10372
8377
23667
12191
8639
7483
18919
28034
4864
7609
32397
23555
29737
25821
2128
30272
27512
17230
20282
1345
4159
15936
5347
25882
11843
22164
13981
4824
11584
25046
14530
32130
30027
17763
8536
10369
12124
26110
11775
27943
15951
28336
6815
18244
20708
22625
960
27634
32221
15338
6496
1744
26873
28317
5723
18326
30165
8733
9548
18842
9922
12077
22224
1384
12298
25846
24299
16183
22693
14593
5362
19168
21499
11643
8235
32096
26145
14330
3138
19570
23402
17327
18486
31325
11958
27939
13121
32606
30106
25231
13459
22110
22523
12178
14098
9735
22296
31428
24716
16143
5182
31553
7640
1744
26658
16514
7267
24635
30437
18342
26901
246
12226
5283
30146
8255
6402
25649
29073
2471
19601
32328
15660
16526
12628
5014
3274
11249
28307
11274
30711
31431
22634
7533
26377
15461
5468
980
27122
19875
4424
4640
30487
5099
13819
392
3872
7588
1846
31970
26632
7319
11615
26665
4720
7742
10512
28086
26164
1713
24274
13963
32616
6358
12097
28394
24609
19113
13194
11020
19399
31146
13893
3640
12604
6850
29941
15079
21032
22061
12507
10604
876
24825
4981
1584
16121
28109
23185
27623
4435
32305
19328
20627
9171
4967
30144
12298
5697
14845
10504
31071
28035
23176
18233
7572
5664
20294
11460
7823
19007
10491
11054
6596
14670
12337
2403
17622
16465
3671
11721
27453
31141
17106
2723
23974
28442
20218
11945
30197
24445
12716
19989
29751
27577
22294
685
13070
25999
18228
13920
2057
15918
17953
16014
1360
22062
27932
30374
13764
6130
16483
25772
2769
17496
11418
26758
20801
10564
21709
1253
27422
954
17758
13046
15565
26643
27835
8734
1104
21992
31339
13640
19174
28939
15173
24557
21203
8050
3197
1619
18507
22299
12624
11772
14028
4492
181
9498
26393
20167
31811
18659
26260
3168
1668
24850
3520
17057
947
23909
18097
19298
19069
23970
30577
10449
19476
19705
29442
13834
1698
8427
15301
5369
3385
6740
7101
16411
13944
15145
8206
12173
30732
1185
3956
5092
25080
6163
13885
2062
28127
20413
16677
6715
21613
32330
21086
9685
30487
15025
19392
23460
5620
32358
28562
27443
8900
12804
21070
8574
5070
24576
14232
2939
27671
29137
22907
17330
4068
32397
29721
6799
9684
15492
5930
27440
17217
6738
195
2583
8513
14817
909
16696
31050
31097
8177
13946
15073
13031
24931
20288
4246
28975
480
8675
23749
7377
29271
26538
29093
6915
6199
23801
27363
3550
3511
27780
32698
10001
3771
10209
11235
19735
23505
11858
13001
17546
26061
2274
21939
27118
12367
13456
28774
24286
28124
8104
23505
6247
11467
29197
17381
4006
27608
16101
26785
13280
26134
23452
919
23774
9160
14748
16703
4669
3084
32368
10956
29434
7552
19541
27756
19141
27079
17489
17454
12587
15057
10575
6586
16918
26568
13979
15257
15220
19189
22483
7087
10581
10891
18827
1109
3156
27325
11425
13724
17451
25691
18308
26693
5948
8343
19830
5074
18816
10299
20416
22492
17662
15004
2110
11249
27175
19816
30793
619
17150
17205
3375
9309
2400
11822
21825
12558
13861
16571
29401
17342
9738
801
11078
4033
28041
28643
15757
11346
17290
13868
3901
6031
22401
3298
23986
31062
354
28518
6352
1308
8844
10296
10517
20088
23788
12347
1518
28983
31768
6649
23507
7441
29466
23063
18592
15974
19909
19985
28569
20588
5825
29354
11082
15280
21762
12268
23145
14923
18511
23673
8254
18542
17720
25335
18089
15252
145
14556
682
5864
4258
3614
2864
5448
17575
24596
17176
25887
861
25137
539
22365
15296
16104
31034
22976
20492
24065
6025
16825
24461
15144
27271
21292
5488
2175
23049
2335
30681
1702
7219
24512
13921
19960
28694
27663
30708
14969
25433
30900
3772
24365
7496
526
6705
3715
30928
13051
4184
7569
23507
4661
5281
22864
8474
26982
10124
22718
21535
24070
1359
3827
12588
20740
30705
29614
9369
28418
4072
28842
24539
14266
20032
28027
18051
28263
20427
20865
6330
5306
30313
4680
20409
14361
2244
11765
25998
20335
9601
29913
3624
919
19799
18853
10590
29207
25660
14604
27633
19992
15835
13935
22860
13523
14819
32547
30535
23244
7859
4762
25020
6985
29530
17057
28758
20656
23719
23478
10561
4138
24539
18984
16778
23804
11054
5944
26724
3819
8762
5830
15410
14108
10677
23191
3002
29254
22539
24766
30033
20009
26452
16958
5303
32069
18461
26988
22669
10610
32455
24585
9392
19582
28016
24917
21525
22665
14972
11832
30263
8523
29461
32360
28797
9959
11958
20237
30344
29504
9154
5621
13419
25683
11249
2054
26165
18980
1590
18902
14748
28815
22027
10927
1099
30507
11162
4839
12351
534
4247
20628
18644
850
7370
14829
2059
19216
3331
17432
12632
10753
24238
31210
6612
22234
5540
27334
5477
22396
10751
9395
31526
2416
9225
30522
2006
10950
14706
31141
18041
26260
13902
18515
20288
29776
16163
18535
25627
14255
17695
5016
6913
3453
12237
19990
7801
16387
12441
8500
3907
4876
1288
31954
26970
20847
26739
968
21387
937
805
8854
16860
30136
4110
12865
29339
21865
4921
13738
16146
24871
573
9890
30727
11533
19842
6489
17355
284
32493
5600
20526
10966
29047
16300
13974
26276
14639
18304
21466
11608
11301
21306
9480
26962
14237
16984
15303
17443
28841
2067
18620
14764
3151
11615
25650
12647
26044
17201
20697
30771
26301
3780
3003
17897
29796
32760
2448
28837
30430
10472
8385
3764
260
26069
9310
14794
14763
10343
15908
17394
19144
16925
12522
432
26130
19987
32667
19004
23254
7479
7435
16588
15363
7014
19744
11904
4557
12589
435
13450
26581
25069
9485
3369
5061
7090
28905
26761
9479
4841
3815
24865
25077
18454
22273
1361
12341
718
13816
27812
14613
4789
20943
32039
7296
8661
25061
2121
11373
20431
19068
15188
18124
12131
18980
17041
28185
13971
277
14125
27637
16997
6850
20591
10792
24923
12194
20404
20767
22477
32515
21183
9043
7839
29428
1609
9001
26778
1881
4620
30744
5846
31127
17902
8804
29737
28756
12563
2331
20700
16845
12710
13751
1794
11613
25843
19255
18428
7989
2290
31528
7947
13038
17743
25862
28145
8244
22525
18518
9347
10837
17442
9796
30651
18396
20746
8793
7416
6637
6986
18495
9692
12578
18345
15895
24768
32020
15733
22443
10641
8030
3560
89
29202
8566
31796
26493
17616
28815
25409
30222
6584
4924
30874
18431
24716
6728
371
13918
26571
18666
5405
11631
2013
24342
17975
1572
15980
25453
4169
13901
1205
11291
18739
14548
29759
29911
3657
29068
11891
5874
8164
27721
25331
24868
1756
24098
11815
17120
4130
14931
11201
13503
2252
2437
4885
2226
25111
3614
32034
31266
29652
26429
28356
7555
2765
21393
27737
26561
22926
3886
5413
23711
21809
3279
9840
17147
6283
26190
11108
19732
103
29597
22094
10301
27946
28729
19049
14627
14557
16221
6065
394
5913
32345
4008
547
27612
25319
25142
26236
23741
1236
14460
24927
18214
18331
4652
5343
25310
2508
24866
14099
17689
30484
25931
13506
21962
17053
29838
6087
12890
16700
21967
11872
21270
2594
16776
28946
22682
3580
21213
27245
10714
12803
4142
19130
13206
23378
58
26633
15610
23202
741
12632
17548
27308
23444
4490
11353
16145
9217
22539
21029
536
5710
29454
16403
8834
13024
15331
14323
13508
17957
17553
3024
15311
16423
17500
3291
15441
5748
11959
11075
19163
3391
21235
26131
30990
3263
26342
8485
15581
26049
25143
14551
23237
28262
32307
20344
20594
6272
31721
15702
24405
18001
578
24684
25630
3874
16503
30977
18137
29095
4738
17783
11521
14988
23445
14245
16967
22831
16308
736
31895
13283
15487
20216
15714
5067
30100
2155
13824
28802
7358
12243
29508
2128
29902
1002
6139
25782
8452
5532
19692
18396
18519
19647
9270
29781
2104
15269
20290
2820
16776
26473
8956
26448
28972
11697
29607
24232
27326
4213
5224
19756
8837
26671
3195
5818
4052
16122
9893
18227
5104
10479
26123
32471
2692
3293
15320
6518
14211
13666
30136
1502
17097
20763
24143
12275
12627
64
851
29286
17707
11078
12060
28082
18517
25276
14025
23961
28595
29682
15803
20860
10884
30967
10889
2729
5440
9181
11288
7059
27547
13636
16599
822
24797
25499
2032
10266
20055
23822
19364
15193
27378
19787
123
6533
7760
9008
19099
2279
12286
2401
17577
16566
30221
32460
10987
18362
8437
22947
3772
25603
9608
2574
18594
10276
2582
17357
22496
28641
13588
22619
29602
19610
5661
30677
22986
83
27002
28355
24766
24218
4024
6952
2766
6471
9767
28631
8029
10653
3180
15216
16498
32059
23251
21819
11083
516
4686
29178
25565
27740
12309
14506
8862
29187
23620
5013
21595
18239
3436
21785
3054
18033
18789
13849
22277
11521
23850
8744
29093
2962
17504
2304
24356
16429
27895
21464
9773
31166
27004
20546
17678
8895
25829
8217
2237
25156
4187
23499
9713
9217
25430
11000
6539
2574
8230
19940
18236
18368
16284
9680
8115
13414
5801
25858
2845
9233
23918
28652
10893
20353
8745
20971
17351
32233
21012
11096
18808
2429
31085
2600
20050
9543
4504
15207
27006
23550
2879
28830
19723
9466
19346
25756
18770
12331
30639
2247
18635
17596
16069
5725
15815
28847
11076
9588
32324
10701
24230
26751
3654
12381
24489
149
20197
17848
29573
23663
15088
29354
3841
11971
12853
30450
16076
30272
6984
9774
20924
18915
31985
17448
13583
9415
15129
27183
14641
26640
184
24670
31242
14810
6287
30990
5107
14059
10014
23307
28135
28341
21228
2215
10628
16160
20227
23356
41
16612
26702
24886
14492
11793
4207
10191
13923
23353
3225
15121
32167
7720
22226
12288
2516
18831
23959
31441
15444
23596
23434
21273
14550
10080
6053
29467
3839
15486
8892
9732
21168
25014
6410
1968
18904
8982
11847
19693
4824
18455
30302
20356
4419
26745
29380
22277
15071
2599
2913
4817
1841
23277
3956
18091
9317
2171
30811
16431
22300
8766
15813
1981
10086
10599
11140
3211
11669
12299
18511
19893
12612
30913
1239
25692
3068
911
17645
20158
21218
11742
30560
22318
16203
4645
24756
284
1733
7973
25287
781
32331
5466
27291
32489
553
4544
28176
29618
20791
12596
31044
29656
6727
26306
32604
31912
6974
5905
27667
22897
14060
24043
31452
7384
15918
17972
11601
23327
2360
26541
11432
31077
3340
14754
29114
27760
16062
21983
13418
21116
1635
32726
20172
19432
1385
27963
29690
21242
19524
10223
25762
30509
23431
5123
182
28155
1573
4818
10134
27957
28286
17874
25565
29249
2651
29923
1656
20566
20931
28489
24291
5835
31735
13895
9840
9453
30361
28966
12333
1713
281
16964
1765
24343
4301
14120
18702
21464
8072
19416
21286
28159
7444
4396
25833
655
31933
28981
24314
31056
10953
32737
7159
11928
4484
792
14371
10184
25871
28964
13233
20990
15362
26794
8713
32721
5868
32301
15800
32014
24386
27409
18737
25906
28526
15379
2664
13519
6950
26235
8679
26982
24271
7814
4457
2831
6935
14360
22757
18441
22343
3497
30967
16720
32425
3926
2192
13302
29799
17733
14486
11411
2364
27098
8770
18089
13564
7297
1638
6083
16548
30821
15160
26209
1223
12705
17692
23776
12324
15487
28922
17360
5809
26127
27841
32488
26492
9417
2953
1667
1408
16426
4891
24171
17761
30507
10966
30012
19846
17200
5275
25645
23625
23954
19695
7096
27337
25924
29689
6162
21225
22827
10612
2832
1280
24404
1467
16822
12024
22638
17987
25132
28994
25804
9503
20454
13001
17670
15060
25637
21502
22509
11589
5906
14701
17060
8180
28256
3763
12382
2715
25115
29666
31410
18627
2115
5539
15352
6408
25572
11774
8857
10259
31492
213
15931
15413
19107
7806
30327
6661
28179
23344
25598
30444
6417
11684
31161
454
2961
27041
27895
32466
4516
21753
14945
26501
21942
14367
13295
12691
15035
20425
18701
9815
13284
23985
12604
31887
14550
7423
23472
11119
13733
2279
9572
290
31630
20028
21188
24430
15143
4426
8638
27701
16797
26145
6126
6616
25656
16268
9990
1959
32726
15815
5263
18831
25021
25854
6179
14711
14321
18945
9924
5415
27212
13017
19096
29334
4255
16209
2756
25610
3158
30997
22431
4413
19282
6998
22560
14128
24511
5250
1751
11421
31652
370
288
3394
5544
24413
29732
8405
16701
19803
5282
9799
5746
7363
30800
21869
2376
4108
17655
25571
29644
23398
5816
4598
13979
8887
15087
20193
6318
28718
1101
29008
20041
11436
4222
25978
19800
24003
28346
31372
12944
15642
32168
11800
14566
1825
6566
29538
12184
14396
6847
10679
22253
5481
11748
31662
7438
15528
21209
15050
24560
14417
3474
31628
24559
22231
26920
25865
26162
24982
32699
3702
28414
27054
23123
14527
1869
24335
21838
11761
18996
18082
19479
3245
16246
2591
5756
23815
12212
26535
12156
2723
25823
32518
661
10311
3532
125
15914
28407
9058
3538
31566
31919
32672
32414
29745
16509
23185
31926
6812
9423
9188
30506
6425
16817
19366
9493
12647
7680
19919
23454
30835
24250
12975
14634
11165
31147
29348
7730
30782
24879
4302
1165
25744
14923
5885
19365
25541
12624
9129
17582
11712
7864
17209
25368
22267
7645
12520
32342
31367
29719
5491
24186
14353
28813
17098
6533
11155
18748
9375
22282
4838
21462
10257
10376
14683
14915
4450
19474
18898
11990
27533
31212
31744
32347
7334
5608
24842
880
18328
32518
31850
5683
10965
5822
5644
9741
17322
32119
5792
6572
255
29615
32511
18815
14331
18049
19623
28653
26981
8180
29489
22284
2748
23964
27659
28837
6426
7499
26246
3512
23920
2257
29253
20205
12036
21014
16989
887
10880
29972
8950
30415
10295
22033
2508
23360
1323
20492
24141
12522
22408
13901
7432
2689
21924
15374
16276
7926
11629
23672
22270
17131
22269
9028
20042
5562
3345
28053
28430
14235
15009
12621
29534
8308
13815
2374
2661
29447
22082
8608
14483
28239
16209
31947
7341
21920
4999
5894
10187
14981
2863
17744
8826
1460
28183
18997
5613
11027
9263
16002
24149
21991
16264
7552
27443
1719
26429
22006
7320
17728
555
32666
5314
27129
24554
3503
25978
25251
27240
25145
15836
14031
29254
298
32355
8133
26954
9963
4431
6625
11098
21068
5338
9882
26464
20480
27253
23801
6600
17162
24506
23564
11961
121
10506
21227
29062
16758
27298
24959
23448
29181
12711
28349
27634
6140
14662
11882
26675
8474
14546
29821
20828
8312
10435
16107
28715
18192
28538
24373
16531
8737
17257
22546
15468
1861
23940
10439
21201
9959
18027
10741
18690
13013
22389
20373
22063
14367
6994
20820
32495
1581
408
22652
18554
23093
24617
16494
5947
22469
23879
30708
30153
28361
26965
28577
27071
11936
14211
13984
29327
7891
25863
23994
892
21722
16343
21306
3620
1731
3187
29627
6648
3144
28300
10664
31656
25664
22616
5602
12899
12407
4685
11331
6457
911
12177
23049
3920
3373
6686
19510
10325
1001
14383
20230
8343
6836
8738
26482
31810
27521
7975
27373
2017
26044
12745
5327
9718
24792
9326
22144
4783
20803
7363
25744
17414
2268
9722
18530
7175
15305
18842
17306
19810
2184
16281
26529
2020
8197
12019
32592
4037
31308
20354
26553
24757
16997
3522
17398
2736
13080
3897
31797
2907
12440
2737
6621
6095
8308
20637
12197
14732
12062
28859
7666
31782
22933
26770
19990
17361
23026
10605
29548
18048
2340
22100
11021
9041
8146
7846
26025
23492
24202
28196
12275
9141
28746
10723
126
3360
26441
27641
12125
6873
18223
3302
25725
23912
30558
23750
29234
23837
9696
5896
14088
28235
9566
26084
28237
1572
11349
11005
21322
21675
25993
5264
32543
27068
16200
9628
14666
24472
31447
27575
25739
32447
15936
24162
31141
20691
32157
3082
26111
23036
13564
19834
9003
31189
20208
8748
9256
18871
11108
25969
70
7362
1489
6999
30810
59
18718
30637
5750
8702
12821
2924
31922
5703
14124
12115
2049
14461
12140
1951
1208
31119
21523
17678
15195
4769
14782
8763
23844
2593
13605
9406
28731
14475
14671
5969
18784
18010
31033
5618
535
20008
9316
9635
12118
14270
19311
6217
7130
8594
2750
16570
2009
23430
19055
22497
13235
21446
30350
31981
15505
30430
29614
17094
1589
15328
11124
25021
30277
22586
20261
10394
22346
15498
16276
17411
17795
9714
25298
32263
10585
10313
25589
10024
19275
14662
17071
11458
5790
25253
30223
1829
5060
15307
12289
14823
11017
24307
16273
1199
307
15741
23747
7771
2919
7092
23914
26413
21539
71
21911
14656
7036
2606
31219
18474
28512
17321
3580
12735
30444
16508
16386
25428
11639
456
2889
3408
32645
4282
25034
21179
11875
32340
29019
5719
20303
28123
18175
11796
19937
29359
30309
6702
18993
31370
13136
20537
23082
13428
20337
10719
8648
24675
12690
6712
2968
13841
21106
18867
9418
24242
4397
19542
16626
22623
24859
24991
5570
13389
23196
16273
26128
13937
21236
20472
22078
12536
8215
18050
14160
27337
28759
6155
5259
15846
31824
4476
6938
18592
1501
309
16788
1126
27647
25499
27486
8198
494
13145
21877
13256
8657
13720
16651
18418
29755
2563
30935
5790
26526
20082
12105
31994
1906
27870
29090
28276
13453
14509
31912
11580
23934
8897
16836
15120
15062
30415
10306
10765
18598
14249
31108
1331
24892
18786
29281
20186
23507
13664
13127
31319
26068
622
7022
1751
5455
13009
20693
26435
30725
5849
15966
16844
26939
18118
11338
17576
1477
919
23170
3717
24010
416
28749
25833
1855
18722
3845
7360
9779
2072
5500
10006
15440
16370
26670
10066
7491
19235
2765
13132
20306
16264
6650
2869
27293
9023
12990
30309
1247
25260
7607
29903
21876
14501
25258
5509
22694
11338
21753
13141
18741
24307
9615
30179
7483
17924
16021
13101
21945
27911
5151
12268
25981
12940
10334
27903
6235
15513
29532
22799
8179
3394
30176
23223
10765
19041
15371
4068
21979
10351
16281
3034
11027
5996
22837
10655
15349
1368
22624
16026
10353
18688
22416
13334
5781
16988
17964
1997
14662
10033
1049
2536
6570
1965
9274
30174
21864
23809
30686
11622
10506
32466
4452
21229
26187
22530
30967
15719
19580
32514
31307
505
10214
30344
27299
1781
31646
602
32294
9643
15695
18413
20648
22597
15040
15378
18920
11537
18462
20050
1517
4464
25333
17487
20870
28976
14103
26710
32463
20887
18169
11789
32504
28263
25325
15806
7616
17854
21242
12696
32337
1274
29906
8342
4884
12964
13345
3339
458
5994
28602
19003
932
10181
3121
1881
30844
7387
29039
21535
28154
21273
12319
30437
13711
21073
1383
17291
32218
5700
25142
30644
23840
4509
5846
16278
8038
6859
4836
19300
6835
3072
225
29281
26209
28913
26476
26180
32582
1705
28239
11540
10798
14062
30910
4096
914
28300
23757
16263
14986
20120
2277
4455
6373
29564
4735
267
11235
21465
26482
5380
17473
16964
14944
11085
30578
83
31008
24532
26940
25279
412
25971
505
13831
8733
21173
10305
21222
14342
18018
22319
31287
13279
30373
1885
7379
3569
21422
25340
4112
6383
4064
30998
13525
15164
4996
22644
20132
4769
5094
5387
7386
21401
2204
21819
22031
31763
21869
9457
500
18263
18650
4615
12981
4141
8979
15718
2515
11019
7264
32014
14646
5335
14329
23503
29610
20263
12249
26525
7009
3248
7847
29787
16640
7349
23480
19751
20617
2255
31178
31504
32179
5436
6590
15159
13670
29222
10889
7133
21949
772
12034
27161
12121
5643
20111
17838
14214
16674
14454
32384
7051
21733
17802
3230
438
27871
22445
14207
4072
127
5815
24742
24316
3619
10649
7029
