27409
25406
9806
20688
6794
5260
7446
18359
32726
22564
18924
10772
4647
18313
3262
14025
24971
8620
24458
735
8922
8202
11399
24187
6240
25910
21688
11941
1633
2928
3554
1803
813
3123
26845
15967
20497
6006
28965
14457
6795
15133
1228
3224
21392
20609
27830
13281
13003
14175
31849
3522
24056
30671
21920
4424
4608
15996
23099
2964
13633
24519
11501
6496
2084
31986
9359
14006
30903
26953
18139
3548
31570
27400
4106
12632
7876
4875
18742
2117
3134
28997
2873
21717
11023
30906
5256
4890
9977
14798
6515
28982
12464
2966
26004
23408
14540
6814
13928
32195
19940
13312
29605
3904
24715
19134
5702
28618
29743
30033
7978
3490
18371
31681
26280
24577
28396
25893
5596
22194
29518
13952
11510
266
25172
11843
23979
10472
18549
7225
5180
576
29992
7929
30237
2691
11817
9164
17648
858
6578
5737
19299
22545
32418
22101
7822
10479
1017
22360
25925
8952
29123
19812
29216
16400
29484
32640
21179
6480
27083
7092
18078
26058
20114
28740
2718
8190
24954
6284
7940
18404
21753
23870
10609
24079
15173
23121
5471
20036
3784
2806
20064
9099
13819
32070
2705
29784
25994
23425
7740
9298
5879
26347
22913
11549
26254
8336
28410
27536
16874
1351
9112
22201
9492
18059
31686
14174
1558
4162
4741
3268
8795
3730
10638
11322
18746
1146
30070
10657
12656
19978
9246
27810
15160
4360
21406
18059
30974
29132
7220
17639
19154
20059
17413
17982
18347
27328
26863
18903
21789
8170
26750
18771
5179
14924
31148
12402
15065
320
5870
6751
23677
6660
462
12168
15374
30806
25504
22466
15169
22052
3061
2832
23389
16650
2135
5875
14074
28549
6111
14218
19957
6945
13424
19730
5017
19138
12458
10602
104
23577
2148
31112
2018
16371
801
6548
1121
3610
21435
9132
10094
22042
32553
2137
18770
21412
22547
1737
12120
27029
27367
805
2695
25103
26656
3315
17045
26525
30732
29258
26062
25478
11145
24666
16384
23693
17179
12618
7101
21804
21798
27594
21716
15286
21285
12598
21159
24864
11698
7759
24577
8656
29814
30184
3408
15613
18103
7136
11002
839
24921
20884
21997
19846
15850
299
25802
9961
10152
14346
21882
21238
10926
18089
6557
15689
5144
13284
25274
24794
5134
17593
32120
21073
28825
24605
18740
30409
8431
19359
23100
15571
18043
26041
22091
31788
21603
19510
30060
9180
18890
579
773
23028
15049
29598
4175
24475
21883
3124
13195
27530
15357
26173
15888
17523
3317
24683
16671
27709
14146
98
10815
17981
21002
13232
4314
31493
2307
20439
24360
30149
26721
31006
12112
15376
27750
15840
19891
24573
641
8743
19057
20386
14126
23419
31555
31835
27994
21039
12845
20120
7775
10031
12209
11831
22088
16158
32094
16862
30248
32108
26797
26369
11570
18492
4936
25385
12750
26141
8313
28476
29880
6538
22107
32130
2774
32740
1368
21961
15201
2497
31449
15754
13022
18550
21402
18580
28829
3099
20147
32328
23216
71
25722
11857
689
17622
30782
24092
1547
26739
26622
26032
17595
2291
10061
19225
29557
13703
23276
16857
10474
17696
14436
15152
24027
4395
20248
12780
13166
13168
4492
14896
26103
22388
16429
20386
7490
5715
22127
13087
16451
2396
3688
32423
14509
4176
8400
15153
14606
30794
21614
17108
30566
25864
30731
8580
29606
10499
12451
23933
26896
16897
21697
23458
30426
29258
4036
3482
3717
28012
30244
19976
30833
31289
28422
11228
8724
2538
26715
15885
27416
11382
2180
6214
11079
28084
24006
1718
19908
10594
31394
11843
13433
31444
1730
22691
20913
17695
8273
19967
17608
25279
7248
26240
30136
9264
21118
25700
7919
3533
13241
27994
17875
15688
31312
13499
785
27989
30297
27564
10946
24198
28376
11925
17348
8752
6392
29888
30253
5584
6304
22596
28043
27917
2464
6108
6306
14005
10411
1065
13077
24647
4319
15220
30512
11225
23018
21087
2341
1985
4841
10855
4220
29800
26298
26352
18547
32327
8281
16530
27598
16236
23680
25975
5080
388
6001
5608
13712
779
25465
21605
26487
29715
16521
2989
11457
24779
25279
8874
20277
22997
21820
28049
25120
14991
14132
15205
28592
18519
1938
14578
18500
30057
20437
11159
20972
26407
14792
10143
26743
1716
9962
1540
3723
29120
11885
6957
17588
12437
13937
25059
2096
7061
3413
20106
30100
19172
20775
3647
27878
28687
28351
22240
13086
129
7178
28057
24353
30775
8227
1792
14374
31022
15588
9385
24500
10236
13525
10440
31566
30468
11851
16629
16035
16662
5885
21454
5070
25907
32241
30334
25558
13709
28780
21083
24680
28106
932
6546
17927
11533
18863
8186
4579
26207
31189
20403
3413
25785
22654
23243
32196
23233
15826
20691
21151
600
7826
8976
5741
24669
10093
26006
30545
32331
29731
9925
20651
3140
21057
20026
32718
27467
8984
13118
24352
13017
21426
21396
9600
13560
6846
19263
13193
2430
24045
31137
30730
2375
11361
14734
11143
13994
3385
8885
17377
4566
1111
1970
27657
29482
21012
11489
27092
4924
22392
6986
20298
8831
26230
25807
29631
15626
26048
8415
16293
2791
1038
21121
11503
74
6673
26939
10845
21996
1908
26544
22402
19223
27329
25284
26478
3848
29571
12106
23993
19108
30989
30853
30291
27259
28530
22664
24982
18554
24630
6185
19715
10826
3032
5573
30231
1157
18618
12194
19122
6812
5589
21592
28698
30079
3612
30547
30332
22269
2419
471
31988
4811
32020
16658
4643
25990
19533
26216
25838
19042
30358
6307
8053
27184
13573
2210
20444
1214
25522
25494
10808
24069
10003
28942
20117
8180
21433
9467
32344
25519
14043
1909
7944
489
822
26056
20602
2757
9353
16357
26758
19006
22591
5926
30997
32733
17490
9065
785
2604
29410
23541
28553
3514
22968
25507
1462
6901
116
30701
30166
21716
17152
27854
30290
7954
23134
23691
19020
27807
16518
21956
21816
29391
13478
4381
8457
31590
32102
25567
24675
2695
21335
4219
32511
18802
28195
25249
21834
7736
28687
29406
31350
23437
11443
18227
28615
10872
15319
18212
10353
18013
11307
29429
18043
24324
940
6307
32658
23551
32296
10369
18913
4202
8344
5123
31675
19341
21861
26911
10650
24583
28289
28585
31453
23925
17746
11015
27162
21822
23612
4609
14557
29075
28149
31155
23759
9208
11689
29257
17769
3557
18849
30303
28609
684
6405
8450
4245
18564
31951
31309
29667
15518
26450
30789
555
26701
15128
22692
2903
13375
19109
15263
24875
21420
19392
25768
24528
30283
26395
22188
15282
22879
2219
18702
17085
16439
4681
3797
30287
30703
30848
17401
12859
31546
11582
24454
28718
2772
8145
21204
27216
23124
31744
7899
18768
17007
9362
2017
1090
7006
22974
29735
21022
24643
2562
15566
3835
12535
23280
20607
24652
22096
15992
21436
23517
4294
26857
7232
14641
25383
11106
17406
3576
11787
2389
12454
1306
6467
12312
5492
6520
9953
6878
1708
8641
6227
29113
19421
13352
13376
30861
6060
12223
9698
21314
19369
18615
29485
18459
32082
14715
31243
1793
27450
13134
428
18461
29008
31015
32195
7739
29183
8097
7047
31169
8438
5490
30181
13732
23137
9261
14119
28744
9909
17207
27932
31067
18746
10533
28128
8456
8989
18167
9280
30044
10014
25493
2841
21124
5949
12305
24001
16432
8523
1158
10601
15685
10487
29756
4421
2191
9596
6172
1450
31053
28235
3667
1058
22036
23559
3329
20240
15840
24130
30737
13761
9661
22650
26166
1034
21941
1745
16725
24909
2467
13704
1850
29644
23613
26239
19804
4960
10763
19828
5923
3868
5396
3615
13451
14443
6254
6684
24708
2690
5543
11115
13434
19967
19105
18269
22592
30854
22349
11386
7992
10409
9660
29827
29679
22534
29171
9050
365
8912
17135
25836
30204
32746
6543
14116
23679
10543
19843
31141
32576
27430
3653
652
24087
20956
26016
29567
19175
2936
29614
19510
96
16853
11962
29432
9849
26296
27692
19990
18164
22251
28820
12909
5825
27905
595
17716
27271
23158
12057
19867
9843
604
9907
12963
10448
32374
6064
11592
21909
25527
16986
16290
13253
29395
4417
28156
20962
2015
27841
3159
23928
31285
19281
15057
9361
12110
23760
3356
25354
22736
23207
5282
7132
14596
14437
29355
31249
10974
31309
23051
14953
31717
1948
9373
24990
30992
12358
20900
162
4819
3948
262
28380
17987
5567
14751
11451
19622
15781
13621
12979
13606
31501
21183
12251
29769
9052
7238
23776
7064
20729
13680
20171
3973
30946
31606
15602
14391
24120
15156
26905
30924
14001
21336
19224
8787
1350
15718
32165
31730
26757
8193
17371
27461
13821
13145
11096
22527
12191
7399
16589
24145
6535
9319
81
20383
25089
28442
13672
19642
19153
25693
14379
7827
0
15137
9208
3779
24292
21355
16511
29575
11391
27162
3852
32018
19339
12828
22543
22280
20097
30628
13134
28692
16277
30953
4354
17180
28671
22709
817
13487
28658
6358
5807
16635
8640
26635
22539
23114
22336
24797
21029
31580
27712
31598
32628
15580
10973
6124
14077
16466
19912
8231
1836
29073
2388
3653
30345
10942
13779
21678
31379
27086
30492
31394
15496
5430
18265
17168
31515
23325
22629
22294
6116
7788
24856
10073
29561
13087
27646
7331
10069
29568
28304
18736
30868
20408
14780
768
1944
4076
29295
7
24643
26020
8477
12355
223
21673
24692
29217
27804
32460
16317
14475
24854
9327
4894
20613
2245
19754
2095
31810
25755
2607
15410
13789
18393
32083
2366
19580
2741
6070
23920
29052
3755
1882
16005
13985
17075
8647
7047
24340
13311
13035
2230
27117
26966
15876
8633
7009
14109
28337
26032
11171
30041
20910
30875
18021
8900
6411
8992
8696
17966
10813
18444
7221
2234
11485
28524
14372
18173
6279
32431
11647
11142
1556
8437
29551
2674
28272
2472
9901
17942
21805
5452
24014
3077
21923
28405
7110
3299
5966
13862
11851
30215
18747
30960
23320
15282
9787
30543
5355
31900
6601
1882
14457
6607
5772
30618
12009
21864
11496
13521
15609
4976
7779
8141
29318
15319
20618
17532
12925
28156
27954
1464
5306
26749
1004
7212
3890
21936
8660
31697
24862
14141
18056
6512
5875
27782
3020
10269
3868
4880
14952
4345
20863
8624
21565
3285
6760
13920
24154
26339
17813
22308
32717
4084
6056
10796
28139
26595
27233
10257
4049
28990
21281
13187
3129
32039
19236
17439
32538
11673
14971
4727
30546
23785
29965
24142
1719
882
25417
2269
4218
24325
29084
30755
21572
24121
1928
6924
17552
26720
10420
31552
25744
15054
25887
31854
17223
7459
26988
23511
9630
13052
31369
29302
21612
11452
4986
15279
7312
28761
4078
26665
26048
15305
17137
30585
19162
16447
4178
31128
8585
15684
23757
7260
7140
11665
17451
30815
9474
17764
20815
11329
24669
31625
8345
20270
32212
29734
30143
21385
23312
11350
21302
5111
23802
16821
27222
21050
24952
8863
13209
7757
4005
18542
24973
30306
19063
278
23836
1570
17585
27227
32469
3106
9606
9833
29435
17007
17240
25260
15504
15965
25490
3758
26382
26126
12599
10030
30060
10947
4421
21284
1320
17516
17235
4415
28280
14999
18719
6280
7219
27961
24236
8399
5853
3156
5149
8321
6077
5208
21930
7537
29438
10844
7670
7400
30839
939
22151
18184
26618
24448
30832
740
18347
20128
915
23365
17077
11204
24777
27600
23265
29103
12524
30840
11944
16011
19717
10619
30124
11647
29335
11808
30809
14381
10525
24751
12739
12573
3110
8653
19425
24319
27538
27272
15785
25097
21880
21989
24948
16934
30857
7162
20816
7025
8633
11647
9551
32343
15797
14300
26007
14418
6903
20495
6312
27221
30130
8968
25720
6018
6254
31358
9499
13845
23342
22034
27495
27336
30596
9295
27753
7620
12515
8198
3719
492
13992
25053
30909
23145
9253
44
25479
19011
547
29990
17124
16234
28289
2461
14623
22479
28614
22001
31674
11689
23301
10291
21749
16666
11146
3541
10341
6707
7872
578
31581
16088
4043
29456
23599
15100
5009
6919
7194
30049
24437
13724
8117
10967
17938
25703
19174
527
12101
6377
29565
7591
22329
266
23733
5615
9002
12290
22162
13813
4708
7497
23064
24426
23236
3848
32214
8552
16773
11426
23278
31878
28191
18658
1901
16581
29550
23271
11221
18287
22420
15728
9842
17137
5607
1477
445
20488
24733
4826
15036
7889
27850
16863
7589
26374
16803
13664
14394
9129
16655
19177
7062
19256
24742
23074
2390
30422
31848
5671
25557
14371
4471
12802
16664
19536
21367
16255
24829
16965
20750
2973
10697
30285
23954
17915
26809
29849
30298
12136
24099
31782
21628
9490
18972
21
30063
26915
14570
4239
14835
2870
10183
14633
20807
8763
22102
17791
19275
22175
25852
1703
28628
21434
3694
5924
26785
25429
8806
24977
3913
1332
8259
4644
1534
4274
7712
499
5426
1657
1626
9432
28312
20154
17048
15295
3827
11950
20644
16456
22921
27085
17521
5615
7291
590
25849
7378
19209
25265
30024
23520
26282
23456
794
24700
31884
24665
3975
28592
9631
7291
22139
21899
8859
30677
28450
17913
24610
28345
29312
28951
14922
3402
5690
25045
6335
18316
25975
30097
4937
8410
401
32634
25015
26430
9647
12949
28815
25244
6945
19369
25546
27528
18113
14992
539
17840
15811
27379
2146
762
2966
20714
20183
10760
2960
18612
23932
8725
4672
24111
4701
20984
3337
22373
25854
6816
10497
3810
10608
7518
9137
24127
12323
20786
19892
4342
8007
1081
22717
31082
8222
16081
8672
12332
10372
4624
2010
11632
9664
25499
25118
16342
32765
25140
18422
10369
26449
3377
6745
22059
8729
8783
32083
29598
2992
27249
9989
28954
7033
18430
13264
16939
6922
28238
20403
5444
14242
10810
24895
31663
21194
960
18387
32562
27898
6284
17438
19326
17347
21977
16039
25039
31083
5762
20531
22991
21264
24532
24175
26021
19242
17831
25710
1378
4114
15877
16358
21569
9349
7909
28662
8763
2910
24866
2201
7823
29104
3094
8995
23450
871
610
8746
3950
2663
29689
7143
25552
29064
21646
30183
18283
22623
23013
26939
18589
19212
10372
6863
4036
9117
12886
25251
27601
3412
4298
21831
18409
17124
8954
25185
31169
9382
16045
1961
5533
11634
16068
21271
14978
15459
2109
29723
14390
6111
20184
23073
20125
14626
29463
643
983
16023
15569
22895
16772
25167
17278
11376
7572
31777
26841
4090
29224
22018
22033
12728
20490
21891
9561
1439
4085
15035
28248
28438
17323
20001
23954
9722
31950
28000
26372
21421
9935
5790
181
27696
24547
13444
22310
15217
2396
11498
23257
29218
13104
20218
13977
3128
13336
8948
23752
23644
18877
10666
2828
31807
9188
29235
5349
32035
2042
11879
173
1121
15580
14532
21900
23601
21267
11514
31679
30842
5629
11416
25542
5501
26029
18271
14854
29432
193
4643
26001
16885
26290
14017
18207
25547
10141
26040
13040
15578
10651
32690
14106
10965
6022
5451
30679
21354
4487
20376
1196
18312
25980
28072
28059
4599
6444
21915
24081
18961
24891
30397
29312
13806
20410
19239
1598
23851
25478
12655
3791
24528
26096
30310
13035
5517
4653
22386
12425
11123
8870
17778
29834
12267
3402
13547
18219
30080
25048
21292
31199
13419
31330
30701
8110
24021
21186
24535
17903
23921
21808
17842
14180
3325
20279
21400
13971
29651
13005
21344
27052
16446
15879
21195
10066
6714
901
19669
22638
10976
1639
21553
4177
18508
5108
12620
3059
6981
569
7975
30179
2784
3835
701
20845
23268
13916
2117
5848
22487
4836
20965
17909
24587
30785
7104
30793
14324
1124
27168
27024
29427
15438
15470
28684
21708
11339
7872
904
4860
28356
2218
1511
567
8340
32437
19559
7019
11409
30277
18867
6188
9320
26095
26715
12110
11055
10676
26846
25898
26901
8723
15933
14770
1925
13294
3612
29150
14396
29406
26429
1024
10011
29321
6588
12479
28492
28093
10981
17427
15539
12307
21283
14476
10281
11946
10635
699
25327
28877
22652
23166
4875
26272
13392
30629
7495
23988
31502
23182
14675
11166
17588
2489
2442
27338
830
5713
22194
24672
24779
22200
29379
2153
22599
23910
26641
29553
10776
3910
19871
5345
30566
21569
11061
21323
26445
4359
29767
31729
7573
22850
7523
31902
9875
12392
6985
29202
9296
15022
552
10307
21879
4988
28125
30434
3511
421
12874
17455
31577
14356
20644
28420
10877
2676
30780
11838
10664
25902
28327
14431
26670
9616
8135
24381
22765
28229
4174
29032
3817
7965
16784
27713
9872
24570
10795
29237
2576
12263
4901
5395
12971
2056
23583
3376
26783
17432
9339
8239
384
13963
30726
774
2266
17444
10552
9568
25490
15108
17566
4366
25581
1680
27263
15786
276
20616
20093
31228
12294
27197
32443
20193
18747
19406
30616
14634
3612
25168
1707
20105
11336
24718
17243
14190
15355
30983
29259
7228
11702
4354
22055
9069
32591
16558
25690
2285
15241
23482
8291
27556
26340
8967
17225
28275
293
23354
27603
5915
10236
19655
15281
6467
1439
3176
9467
32663
13494
13159
20284
160
13112
17976
9925
22067
27594
11863
21402
17612
19259
6412
4191
28043
18858
16477
14038
12338
13917
19151
5945
16481
19878
3449
8310
17951
16112
14505
3646
13504
23218
6859
5683
30368
7123
18235
6694
29387
4625
16176
27679
5075
10427
5403
23244
16688
28175
16357
2574
17839
2174
18898
8641
7202
8461
29993
3688
1795
28264
4674
25375
11125
7282
14188
14023
29229
2478
11375
14045
187
11096
11496
21912
4250
1533
11548
10713
26259
22061
23758
24734
22172
9183
3865
18641
9576
31919
24955
29020
32374
8608
6836
8959
19279
18657
18752
2852
7702
24745
419
32123
22017
848
1696
2282
19027
12789
27051
25196
14568
6094
29089
13830
20443
22406
9655
16691
10536
5052
23152
11020
11123
16029
18070
12735
1686
27330
28772
27968
3454
94
17585
26087
14318
6053
1703
22364
27645
14836
21342
32036
22869
6684
16106
9984
5461
7005
13003
23535
23155
14252
2884
11202
733
4009
21829
25201
6277
25093
18199
16073
4237
12699
17418
29990
8071
31078
15867
26481
22848
32401
3414
12753
14579
27136
10510
28747
30313
1440
1229
20704
13108
14526
29522
11567
28636
1333
2292
20637
11030
26906
19932
18480
19996
15947
19655
9949
4329
24328
12607
15065
5847
6983
25150
290
30655
7912
10615
1325
26724
7023
10024
14549
15371
7409
11306
11208
25912
32249
30697
2629
31013
6513
21216
10053
21199
10014
23639
2245
20257
4623
15349
21546
12088
2235
23669
16183
24860
30791
938
5851
17670
18365
25504
12660
27935
19408
22555
21809
12169
21729
10321
30232
18915
29567
8607
26606
22126
32749
8630
28283
26135
30140
17484
29895
28671
643
31631
2165
29030
1248
4099
20724
19970
5654
15981
28298
13351
3593
9874
28322
23104
11696
7646
890
19483
15045
25169
29780
25957
31109
8749
16062
14983
11424
29765
3665
5980
18433
19802
25807
26757
10907
23792
5400
25388
6868
26302
19912
15604
29458
9695
23685
23014
7262
29939
15073
3687
10258
29322
21976
1400
14930
7903
31708
24244
9579
9673
15458
26857
19297
29659
24190
14801
20690
15793
21882
20356
7801
17581
26857
11724
19472
23365
16819
488
20224
14427
24449
20159
1813
107
32516
6146
26169
25926
31726
18871
3697
15793
25033
22757
19827
16779
13038
16068
19150
8027
11434
21359
10608
32434
32322
12064
28999
29486
24040
25149
14526
489
6582
8697
9170
27025
25243
17742
15916
18364
11993
10420
25760
19991
27735
26242
27058
22135
19131
20558
25241
14770
27964
12462
1606
24403
24841
9312
17826
11027
9339
9568
20990
31880
21715
26982
23451
10405
6520
13303
11681
25193
4972
6412
30584
2931
24196
12382
29505
16026
32429
11971
7582
29719
16777
14846
3835
5056
17773
5087
22278
1658
24980
21134
10062
4282
14286
25104
6152
16426
2552
12323
30562
31427
18448
14615
21392
20854
11021
8284
31098
22693
28149
32376
12160
32269
11992
32636
21752
7507
22503
3042
24577
812
22775
32007
27233
8446
15295
10195
18989
2154
7983
27616
26284
22924
2003
27249
12363
17332
27954
9395
7573
13832
23045
3684
28491
20259
16822
18588
194
10
17733
15204
12811
8383
4261
31142
6549
1467
22484
23636
14954
17820
8768
16504
17452
20413
16019
13628
8688
5672
16293
275
3926
4389
5198
13913
11082
4137
31216
1846
32183
3954
4305
16146
17804
3248
10825
14987
11548
17310
24330
12313
31402
23750
20338
18023
19387
4857
6609
31082
8754
9834
12783
20208
9037
8601
20706
10499
5100
10854
4910
25174
13829
15393
14472
29971
25263
2264
13431
9961
4335
20796
16930
20596
1358
22343
1312
3655
32679
27255
13441
10344
17654
9934
8404
30275
17270
4104
5612
22239
179
27479
11757
14868
3306
30877
17779
15478
4255
25819
6542
18999
3040
10900
24318
1231
22478
15984
14266
13255
27451
30298
18813
23474
13805
32511
15825
27468
31076
6454
11181
32055
24788
531
25011
16364
15749
31739
21466
3928
30136
865
5784
32009
27060
18976
4837
9315
24989
18329
18589
28489
22807
7601
25942
4359
7924
19975
25344
21352
21190
27980
14715
22740
30125
24354
28040
3778
31836
3965
6121
29824
16162
28810
32679
18318
23360
24150
31379
31563
6085
18356
4202
22393
30406
25618
29594
6199
20462
15602
20914
13098
9302
19240
28784
21437
7567
16736
5644
31293
28017
11044
18740
5184
1531
14894
17126
7378
18947
15432
14523
14286
27745
5193
32496
20739
13480
14132
18536
17971
28780
30290
2992
27669
879
2502
13135
9854
16314
21958
18003
29748
17007
3589
9093
3705
15007
21082
11636
23406
6100
26064
15487
28468
27506
16760
14590
12596
21387
19220
12310
13592
18977
20572
21421
5622
18991
31732
29208
2340
9758
11252
9207
20588
28891
26912
25850
23981
2606
4862
278
104
25621
9509
12068
1458
3988
29826
3224
29725
13868
7269
13328
17600
20825
16338
3310
24696
1405
1145
16133
1169
25251
23820
18987
23943
28509
29783
31765
19673
29764
23780
7850
24626
8698
19164
19309
6506
7202
11777
31523
19680
10429
19938
23686
5091
13698
28946
28885
28732
32261
3915
14210
26034
2904
21052
29615
32765
17482
31962
22844
31879
6754
9945
31719
1468
5133
32241
29973
27455
1222
531
18765
29378
23363
17847
3572
12088
4851
9052
29903
17411
20733
6336
32329
9192
23085
23303
23726
12455
19918
9479
30172
25678
23452
27157
12414
9870
27583
21547
25714
6457
1819
13434
26642
3836
22848
31996
8994
17458
25484
1831
11968
17918
10447
24761
7298
22890
23664
16976
9077
28954
31051
20469
29714
27298
23786
6333
16626
32141
17058
17792
1715
32738
30807
15186
16502
5008
29672
17608
25349
32751
10664
22037
6403
6598
19020
29258
28719
20990
5468
27091
16428
11770
31245
3356
13329
606
4268
16880
9656
21893
18532
19928
13909
17030
30361
25860
10559
30023
9727
5691
7837
32295
13129
15471
16550
2011
19486
25271
31023
12631
921
27655
18206
15500
14686
23324
7788
27907
26800
2354
19139
18914
17180
28048
10462
13606
26512
10346
18387
31224
7344
30540
12402
17852
18430
3204
26727
27423
27908
9666
8949
2049
5980
22247
23028
12921
13195
3750
28447
25076
5636
866
20340
21859
23497
6050
13688
24602
28636
28970
12891
7672
4045
24477
29224
11217
18476
26328
6522
18925
5530
20275
22955
27945
15292
17281
24573
391
20410
19646
2042
12607
18763
31239
1371
16463
16791
10714
20474
18126
16207
2854
10298
9502
31598
32733
4682
20376
10360
26170
27454
26276
7471
6847
7928
17751
1093
31454
14396
7630
25534
25774
31702
11932
7527
26449
12091
28176
4654
6483
22897
6955
15706
29963
10598
5553
9313
32209
25065
5410
4695
13888
16968
6784
20642
24048
16492
9715
12865
28800
25567
19693
31481
580
27850
32394
9555
615
26982
10933
27085
11390
7680
14905
4981
28081
4259
26099
26035
20267
4762
21329
32433
15525
5544
24864
4941
20010
26759
6853
2996
114
20300
14018
4261
28313
6767
31538
10373
25098
3853
19486
23294
6063
30647
6932
26439
1218
29497
14346
12268
18335
6591
22147
26932
4483
17970
4092
10081
32419
14116
21494
24619
19786
23262
11470
17163
11089
25277
26509
32465
24240
32580
19378
18670
15207
2603
15772
30588
1545
15374
24168
6087
11569
7260
1919
25323
14111
21571
9150
13400
32604
12306
32610
11683
22492
12417
27933
5162
21458
2473
26037
21040
27561
16888
12514
18612
20388
22187
6168
3549
11986
2043
1288
4264
8889
20368
2904
26897
1461
16777
17890
11110
14217
8546
18665
16596
13866
6804
7013
5802
30043
12743
16181
17174
1226
2932
8130
9911
23575
29934
19237
31397
6560
22515
13357
2186
7335
7314
15873
26288
19094
29311
1657
660
25722
16343
28836
19205
21217
29482
2664
23607
16845
1546
6065
9446
30743
27280
20885
18648
7409
8502
31992
8080
21134
4164
24954
16829
26643
17736
14417
1695
15977
3780
737
498
28491
14742
15659
23552
4861
16817
20783
9800
20204
6346
6960
29595
31346
27045
28417
16195
31350
25062
21008
10353
13823
13508
18807
19118
30276
29244
20466
12575
1748
29746
1409
28571
21213
14748
24694
8342
746
29552
31450
10596
9235
1884
24935
13725
29545
3478
29679
24734
15874
12119
7512
13595
6315
14132
19039
11879
28336
28791
10325
144
7677
21338
26929
9791
5306
23796
7913
21928
9955
10549
23930
6603
31217
21435
20566
25847
19017
14776
31449
21272
2969
6312
26345
23526
28885
16211
25675
14589
9818
31683
20490
24121
421
1054
2869
28507
23337
30173
8434
3035
29024
27763
9844
3217
13412
16470
1520
26889
30842
21112
30879
14772
5557
20195
7158
25297
11648
17249
7382
23967
9134
10979
23558
9891
14051
31246
18765
3862
2474
1335
29496
29337
14352
16705
16098
10372
296
3215
129
2626
12212
21612
7866
23846
2669
15064
21649
6527
30862
18046
6100
25478
1322
2170
9258
21990
11222
30621
4117
2410
17600
16254
7607
23034
22643
2136
24390
2071
10115
11471
20648
26391
22679
13292
25059
5771
9291
22414
17322
192
16029
27211
30198
27772
31436
27311
14246
31579
14970
12378
32430
32277
8582
32138
31811
14096
2833
3276
12183
5419
23878
11849
20685
21303
22682
5553
18599
23042
23672
31755
18986
16320
29795
17717
19471
3088
11355
10633
32305
21819
17010
32296
30724
24695
18475
6957
20439
22451
16046
18948
27438
12608
3249
18109
21519
18547
872
15175
22692
6999
6495
11658
18581
19158
21327
30847
30630
25934
29636
23501
9044
26671
27833
29606
13517
14687
14727
22092
21406
19425
12582
15970
17442
17165
17767
4087
15926
26284
26201
32196
23330
15314
24951
30557
15397
14527
4944
4712
29015
16099
17184
10170
24690
1465
20260
30025
4344
18610
10129
13059
15823
8120
6929
10126
30823
29058
19648
25631
16173
21671
16704
1241
26421
25241
21671
21850
15569
25647
1437
5529
9891
15480
28905
26395
23475
21448
2665
1073
17350
15649
20271
11956
16533
4848
24048
29235
4788
29814
9393
30105
8029
16830
14672
23912
301
24341
25542
27182
5003
7481
2975
9993
31534
10120
3737
5671
5211
28375
4818
15918
22545
17736
13080
11312
16942
5643
23163
19037
20509
17305
10017
5396
31196
26072
26605
2446
30182
28395
16733
25314
6908
12346
16804
11406
20365
13087
18780
14294
291
17455
31762
9072
13810
18156
14979
31170
28131
26960
3216
23071
12107
30788
30799
7207
26021
21558
19446
13496
18679
2597
4059
13310
5386
22624
12701
21806
20844
12052
463
30561
16086
23247
20462
9328
14245
24901
31122
29620
26967
21647
4154
27685
31976
6330
26675
30765
23942
5434
13166
3726
5859
18935
7079
8490
28247
17480
25803
27504
4988
20312
20646
19366
7753
20939
30837
24557
27018
28345
14688
30839
2028
19007
3996
20209
15535
9781
29987
1838
30955
17631
6992
17083
3725
21399
26
13307
19722
3008
2433
12359
12666
22904
29027
11272
23545
26726
3906
14480
660
22284
23218
31727
17907
25284
28705
8521
26983
27150
24580
26403
14225
17167
8359
25241
26844
25690
1130
24768
31425
18859
6284
5693
9523
18391
31238
9266
21376
11541
27875
17382
22993
20882
32710
11661
13959
3204
26378
26672
15494
2365
5796
1936
5072
24380
5909
9086
14954
6186
30287
23351
13458
3423
6108
6221
29110
6958
7186
1741
9067
18351
24912
2754
31432
25011
23485
718
20224
14809
17
32059
11840
29228
22263
12391
21784
9878
17367
24936
2689
9249
11322
15049
30073
28408
28953
17908
10257
4392
453
13270
17530
15428
5378
18998
17435
18706
29820
31659
21063
19490
587
16371
174
23642
10971
5545
18711
4668
10847
17279
25986
22144
9625
6548
26502
18310
23254
7786
17894
6888
472
13227
15655
20600
2007
26957
29687
2587
1087
19648
20896
1407
22148
29853
2921
12511
7622
15105
16272
5731
18591
18966
29050
1034
15194
18256
1494
19414
1140
1309
13326
10868
25912
29493
14147
11320
9573
2688
23333
25079
18569
19216
16763
31299
31780
19250
31343
5204
6901
29391
32690
10135
15465
20820
31754
1166
2251
21334
13162
4314
27504
8624
22747
11728
25927
11248
8562
32332
12198
18620
28691
4070
24441
10471
25494
5061
7725
22977
14781
11982
26613
15673
9448
10263
5911
29950
31988
31817
10586
1860
8953
16820
19110
23184
22882
25915
12356
29517
31454
1254
18969
25706
8538
10171
26235
14036
12608
27023
17119
18942
23130
28822
18496
27454
14024
8954
22148
4889
21381
22812
16301
1154
6739
22791
24308
29135
21517
20194
25706
54
1322
12339
9240
14567
21456
9389
24026
19031
7818
10345
17833
3091
20573
5407
21849
1011
1316
3530
29295
25219
8329
12926
1634
14939
26617
19199
11874
25612
32496
28472
30585
23257
5256
4734
19417
18179
8416
902
22646
19054
13158
1990
650
26401
21585
13682
21555
278
29661
13193
2921
7669
21876
28733
23705
32659
13073
10793
7923
7737
17273
21444
30968
4449
9135
20670
4500
11802
14461
20616
12565
25977
11028
20120
4607
9447
20462
6466
28430
15444
25895
26866
29338
25684
1085
30634
19897
15089
22465
28131
315
22753
17588
3277
9508
26524
14981
12061
17658
10520
29736
5090
6811
18599
28056
9377
1741
6209
3196
18395
8616
13088
11108
19420
25890
18872
1258
13234
5261
18887
23727
2076
32384
12763
17562
29367
2347
28535
31047
18243
15279
25311
11581
9920
7712
21764
5558
4241
24792
17897
21911
15592
23667
10020
13161
24986
23856
12536
67
28128
11870
14316
30411
9581
21205
10134
2719
26630
3857
24513
30759
23678
4689
16994
25234
7281
16070
26410
10506
185
1889
9764
7681
30976
31703
28327
14434
21477
28571
21934
6645
24909
17043
20692
12981
6626
20057
25691
15704
25732
16327
24420
9448
6107
24316
2797
310
349
10106
24438
31109
6369
26853
14414
2471
27145
5590
19938
22870
24040
27443
30058
4880
12047
10997
21326
19392
17576
5522
12418
19759
852
15468
32738
25262
15890
18380
22228
30969
13789
20380
8697
8449
22197
16285
29491
9133
13411
32192
32528
8062
12592
22006
5346
16032
12766
4679
1673
5109
25823
30204
9380
7978
5450
12380
1176
14103
18316
16246
5375
602
26954
651
32707
5667
24655
28330
24735
3656
7528
12207
4347
25098
6323
5637
14239
17273
31162
18663
26197
27051
27698
19520
3797
648
18561
18702
19792
20315
1501
8216
7109
20095
13214
19346
243
25455
14774
4825
1760
30281
14064
18783
15402
30955
5050
20551
9904
1030
24780
31388
20724
29268
6770
23405
22373
13645
22738
31161
25673
9030
19090
15881
32347
2431
29674
2397
23561
32251
1796
12610
30223
27156
32116
27706
570
26519
29238
28947
8961
9478
22907
10423
13661
8865
2720
6143
2221
13767
10406
11381
14473
11277
18507
22583
4231
18677
20068
14522
20064
13608
32361
9039
20006
16048
10313
26420
11692
32567
499
5048
18300
18160
20103
5354
17239
10408
28074
28567
14137
16333
14441
11452
31818
29250
32190
31515
22740
25704
29499
15216
17314
17420
1497
2968
19778
24376
27492
1244
9875
1290
22257
7391
13179
29464
27386
21594
8401
1712
4373
11693
17484
28216
22842
2345
5993
1277
11801
1211
19588
9138
5736
12598
28466
17480
2092
3157
11606
27830
9996
4413
20225
24461
9622
14059
6566
1776
32422
28024
1951
30880
24983
15669
26142
27266
14167
14235
21457
29585
19566
364
27977
26254
592
31193
19071
3787
19718
19218
3876
9525
16936
32123
6679
24601
9746
6725
25303
14462
2852
28515
23807
6680
20594
4222
19219
30338
24716
4614
28733
23779
20201
16452
16493
20094
28129
32174
26533
7335
15006
31469
6026
25999
8119
23965
4044
10884
32586
32553
23950
17747
23111
2351
9902
28553
5667
3021
27548
28545
10628
12612
30262
21914
1158
6718
24035
30941
910
31897
19231
30909
26831
4524
27127
28613
3578
18186
5950
6649
12493
2415
30063
1855
26636
27765
5978
13334
4231
12206
29951
17069
28491
22868
21211
11147
27975
27572
425
1601
15785
24189
24932
10388
7294
14917
12722
19219
3160
4801
19046
32476
16996
23193
906
2467
19516
7500
30922
18586
14334
3126
12142
3880
5860
1984
26513
7122
3569
31222
3122
10356
4379
7396
26687
2675
7908
13983
5767
32629
2750
107
7664
3323
18248
902
27164
24614
4748
21019
8110
32464
12998
9777
4695
18302
22209
14465
12277
8400
14673
2473
22642
19920
21268
26943
22110
13900
30791
7330
689
16814
10889
2203
12517
17487
21400
16706
24752
30397
5080
25826
22990
7059
24216
110
23090
2529
5763
30680
1525
7155
29829
30659
21823
9300
8441
19047
21104
14853
11423
9531
25571
30231
2199
8823
29746
32648
29711
7853
29337
15102
8449
20868
28448
11574
18144
19971
11008
6799
12094
8857
3047
28030
28627
10721
32444
421
8176
29227
975
13971
28410
24707
17092
31422
29768
23662
31158
19725
13445
3732
14752
23449
15161
23625
29604
12404
6613
29382
21410
18905
19036
1227
19544
19934
20880
25616
29862
21901
8952
21699
3663
4586
13558
13741
114
29258
25548
29909
19525
22956
25196
16086
5005
19086
17961
22002
11799
29258
24452
3763
13288
26406
10487
10362
7379
4956
8952
19598
13851
15255
22716
14987
2322
14953
27559
14329
21527
21891
6245
12840
29604
18720
23411
30951
9464
18627
3532
21373
22174
10493
8318
21984
3202
22377
23433
10334
18617
6782
154
5898
6361
24165
20251
7520
12643
3236
31813
13181
28474
26693
15404
1732
25342
19176
23012
11125
5179
14041
6472
19168
25755
7370
17093
9124
2300
2130
26252
11705
20907
24818
25596
21977
7696
18901
19538
12116
21063
17085
6340
30201
28413
11954
16306
29188
26868
11212
29873
9104
21871
7237
241
23911
7241
5818
16406
26175
18543
6283
2830
26304
32225
19111
15379
6291
4788
163
28357
25893
7212
7663
15032
15170
8261
7603
3350
17376
20311
31134
8050
794
13395
25799
21958
26984
16146
18776
16247
10450
9264
245
5394
32589
19470
26621
9049
23266
20272
3911
4651
25160
32197
8263
15353
4981
28900
4264
14558
8663
24388
9241
28323
19819
15310
21090
9205
21210
28935
6730
29889
13899
32226
6548
22084
18262
29385
2352
18510
6563
18901
19699
7817
22090
15433
27421
28376
16554
1624
14889
24486
13968
18824
13756
1909
11413
30539
27245
18991
25324
9443
16935
15257
20355
12018
5620
25162
30189
18093
17987
30870
21241
6217
6907
22703
31184
701
690
51
19846
12956
24141
17595
29357
18491
23015
26750
11097
5007
15643
24991
12597
17826
9624
16719
20305
29721
21973
16974
12953
31717
6803
18332
28921
3608
23805
31888
21417
13562
18351
20117
10729
4577
191
31764
15897
28930
22339
5168
7248
28589
26405
20560
28825
30547
29748
1196
26375
6861
10893
11724
26527
1787
23085
18439
32059
18663
27835
27061
4615
17545
12041
9605
32551
26241
19361
18638
2952
7985
24958
12805
26517
8383
31699
30718
30908
58
3904
21451
20776
11163
3008
29879
14481
18143
28644
27348
2131
11619
21537
52
27051
26805
23352
27976
15029
121
12249
27580
16118
13600
19161
8068
17199
26636
8024
29736
29179
5894
11464
12577
8069
5260
30062
7941
3120
21207
12717
5651
24233
21707
3717
26399
22342
19914
16065
12508
27298
15698
29034
32189
17421
20978
7442
13313
21054
31765
1756
32721
10443
24622
7757
24707
27672
9414
29321
13632
6479
10659
4648
10488
15231
19715
2421
6704
23490
19065
21451
20275
18970
4922
20538
15737
4763
1410
22631
2571
27330
2006
3304
25597
10920
11650
28803
12290
32009
31014
11981
18326
27351
29568
1120
26447
8123
23901
14996
28171
14937
13225
18784
30737
16704
2804
17338
6053
4388
28938
1028
17027
23734
15740
8358
30067
23753
17672
14202
16489
19792
22552
14744
12975
723
30863
12590
31476
24390
9155
25461
14283
30236
14248
56
30116
1468
12476
10007
5305
12028
24956
15551
19699
27197
229
19868
30277
26800
5859
5881
22267
14319
21398
20169
10713
5711
19019
2432
29238
18621
29636
27556
4964
14591
828
625
19503
10410
21572
23232
568
17290
12964
23312
6111
28155
5297
11101
6873
12138
23234
8872
31526
11993
26978
17151
8772
19404
30065
30331
3642
15869
13102
7114
8597
31833
21557
6466
16226
27888
1447
18920
18613
31263
8976
3956
8187
9665
19291
28580
1006
15623
13253
23830
20751
15340
15506
15718
7089
5938
22511
17807
26800
2652
14122
19353
15589
30523
24571
2656
21295
21566
22094
19080
25754
16834
18064
21863
2427
31896
24934
11989
17116
13556
9928
14857
11459
30305
32571
8438
8405
16571
21351
18287
27726
32664
25378
32579
4104
10179
12016
11018
13023
30910
3829
31638
17135
26594
11562
9891
19449
22690
10128
8011
9603
29906
4662
10444
31065
28199
27083
16769
32722
26426
10417
10355
9466
14139
1401
24980
30934
20612
10526
12282
28435
1840
5575
28064
21310
13685
11156
16430
9628
23669
16790
7869
6981
3674
25277
1134
31526
10812
31466
6727
23763
21833
12829
7803
8529
21136
6696
26429
27216
17861
13721
31229
22810
17596
19213
18511
22698
448
32729
9644
21605
27861
18179
9237
2621
12574
23611
25869
31100
19977
27907
2835
12107
8125
21637
27041
2226
7203
26357
550
16999
1210
31414
25282
22572
18220
18459
3517
11581
10639
10826
29253
4650
2435
5115
18132
18450
19056
15418
13520
28967
14787
24162
12973
11167
3394
31567
9870
15971
24840
23965
32038
29091
5144
22278
26265
27371
551
22411
28799
16312
21800
22146
8249
11333
6208
17874
4878
12279
4470
118
21285
11697
26756
27149
1192
22643
32255
2966
13626
29867
13017
23
28887
22887
31230
10545
32216
7597
21068
14199
26235
7074
17315
13336
17934
17887
20344
24884
13893
32056
10484
11218
2610
30570
4044
12227
23800
11236
7307
3632
5754
13021
27454
21867
7371
3574
16542
26401
11269
10158
14212
26442
11241
25210
23575
29517
31775
28021
11546
15503
26801
21831
24495
1502
17798
32600
1656
13329
29670
6503
18084
18093
12391
30116
3136
29573
24983
7286
15899
28579
14836
30713
31910
8178
29617
6818
13647
1173
29293
27840
19418
23659
11499
2256
16485
11473
25504
14786
1236
1612
32132
7878
3444
18642
24436
30514
10222
12043
6080
27942
6845
2931
13716
11443
19665
21913
17106
1183
27762
15009
13860
3187
2347
7965
26393
14258
2526
29871
19171
2424
25996
24783
23154
5661
27367
2451
5251
15907
31829
28460
19047
22766
6971
30733
23582
23277
14254
1880
11444
25767
20001
4937
20184
1430
19394
27840
22387
30462
8538
7779
31054
29409
18185
23090
9506
25983
30627
2687
22407
29948
27246
28163
7269
16794
4548
29027
22822
30063
25169
26340
6971
16514
15580
13686
3925
8032
30742
11487
9087
28906
20764
12696
1039
4752
26148
22800
16503
22565
3737
1092
13771
25471
16065
12910
31220
16797
19359
27152
20994
11768
266
28303
10036
30054
32081
3974
16161
17229
9074
14585
29738
3264
20860
20203
12142
8247
4451
8637
5316
23286
25065
2477
15811
1787
621
28921
31320
19350
31779
27030
14437
32723
5779
6173
16068
15403
19969
23291
7603
4166
7047
23317
27312
1434
31828
4974
20110
28527
31161
5893
28682
15024
11860
14782
1416
14192
16314
203
18718
4392
23186
10857
22895
16094
32182
23161
22159
19481
1365
14193
6766
27268
11270
22705
1689
18118
8500
30776
16928
19847
3435
3640
4489
22798
25668
15623
7295
23258
21457
21287
22675
13137
7496
3841
19451
26981
29953
15740
20090
12346
13159
13333
30678
7507
24709
23345
7295
25948
3001
22369
18216
17397
14869
15536
27783
19818
1261
8737
24005
23276
31434
1935
29561
18766
15890
19411
6461
31696
9078
9198
1423
9277
11660
29817
16254
6228
13902
26253
29603
1798
23581
11462
3096
1748
31513
19708
16509
21760
9237
26880
15928
24851
20077
28286
13753
3259
2316
1046
28719
19509
21879
31510
8372
5281
22386
15296
21034
24938
6995
5707
6047
22093
31005
30168
30657
9934
15638
31039
12293
11541
28547
13846
29453
7141
29947
15298
25460
2657
30152
18964
501
32175
31720
23172
10853
20249
30606
15136
25303
14717
18760
14113
23182
23231
27394
26119
666
25817
31772
18837
4519
1419
29885
17564
31651
12892
16221
10820
3841
12122
24133
7379
5796
6258
31494
31475
26575
116
18859
1038
27242
29326
25890
8683
29836
14707
17438
6596
8410
30596
466
8651
8274
31955
4579
25777
11893
15484
31060
11018
16279
26723
17249
17332
98
16333
19144
16038
8566
20276
28442
7711
13046
26398
27450
28268
6208
19302
9444
2423
32213
12650
12333
6793
12372
25962
17598
8637
1831
7983
27662
15694
23217
20256
23910
25885
32668
1597
18353
15592
14827
6495
22485
3030
7909
28161
12260
12832
496
18768
20036
330
8901
19943
8533
1541
19610
12831
19700
21977
13159
15179
24419
2497
3857
18711
9530
13730
18344
8460
15577
32076
6973
24992
22870
13816
26886
6551
4723
17570
2940
4034
9572
871
25127
9884
1000
30493
6086
21105
6991
25311
21539
1526
4771
16628
1777
17485
17895
17760
14005
17553
16103
24999
20218
7606
22832
5596
13231
25778
25407
32368
10680
11914
6525
2910
19317
32245
6763
2467
19979
21449
26584
14113
2697
10378
9374
15375
10121
5938
995
25031
45
11648
19448
13923
18293
3963
28825
23982
26330
1687
9136
14209
13604
3595
7553
13931
14278
22169
31394
16994
28592
10319
28682
14860
10135
20293
31646
32599
19102
30956
25451
2085
14379
8962
25941
16525
29181
17853
6482
23922
4015
14108
16197
1921
16258
11038
16470
27928
18085
5690
21705
25628
1443
13634
3029
32384
14860
3947
15760
14868
10109
12345
7883
17795
12423
11051
6528
16483
15329
28370
9346
3771
17520
20209
21811
9543
2903
4657
27018
29729
16031
22894
28027
14994
2085
18467
32304
4603
12694
6564
24716
2916
27316
3514
14264
16955
18206
2745
13641
22318
8958
22056
28925
10088
8106
25247
18779
12456
4785
11591
11965
13150
30212
11084
11627
24727
32106
28831
30199
11287
18238
23809
1603
13800
20103
10961
15345
28587
25665
9656
24743
2684
4551
15928
3161
25627
16447
6164
18959
21942
8692
15548
27575
17413
15872
129
6625
4234
29573
20672
2364
24895
31570
20824
7646
5040
17488
30516
672
24463
21187
12009
22689
29573
15131
10806
21704
9371
23990
27495
26278
11152
13491
29988
18602
5744
6263
26101
30059
26830
26820
11493
31925
22034
15470
25043
2915
8575
10672
26161
11986
30339
17906
12967
8113
9569
10363
18052
11776
9826
7885
19556
29164
17991
25241
11449
18697
1540
32389
30860
14928
3390
30303
4174
31021
10603
23526
26300
32388
17981
20574
19797
16881
18242
26750
24345
4321
17601
23304
2438
17618
17186
9954
23377
8934
20345
17333
13210
29295
30433
26609
3850
25657
6952
29800
4721
23549
29997
3354
20206
7421
23860
3772
5895
32329
1153
25692
588
26028
10611
18059
23685
19172
30051
22989
11130
25954
17151
6997
31328
28242
22635
25021
20638
23264
14309
16166
3033
22053
9102
23662
16657
30450
15170
6581
21611
29078
12187
32586
25148
3389
15084
568
17985
23970
21176
21945
4118
10555
25646
8332
19149
25956
5829
2001
14783
15701
11501
7390
24112
25294
19615
6120
14869
28413
24735
26701
7785
3537
10820
31512
25995
18661
20858
11879
30777
28026
5457
14299
3697
23092
19414
24025
23105
4364
13574
15539
14155
12428
18944
29096
31212
30326
32040
32546
6943
5033
27506
17817
29723
16408
4122
23548
11907
13985
7118
1513
10722
24056
21387
28491
15294
17930
25605
5355
927
27343
17664
17480
1295
22004
6542
24269
2057
8729
17815
28558
2566
6803
13973
8728
27592
16673
2004
7316
27643
18851
9575
9403
4534
169
28913
29411
8157
29401
9922
12544
11143
24745
1174
16078
22452
6854
19138
4043
5705
10674
1073
12261
7920
12668
29873
8896
3993
5916
16408
6168
28313
2340
20324
18635
15226
18189
11767
23620
32113
9152
13506
18383
29838
14362
23697
20531
30611
5333
26384
2221
14411
24264
14021
18704
21478
19342
28352
14329
31540
18382
26227
12656
26222
27286
18726
7124
13664
21383
31011
8667
23548
6170
21738
26704
4110
8473
5872
5588
10093
8111
19586
2389
25571
22006
12687
16233
2645
2802
14670
13917
11341
2181
25797
31399
4793
20730
24805
32371
25930
3422
15494
11913
10772
8035
22911
21898
1011
24522
19325
12909
17721
16219
9249
30943
10030
18563
20532
3405
26961
20244
26647
18444
10104
22429
3602
18239
9015
28665
661
3539
10694
7303
32582
555
25666
23157
27034
14265
22688
2715
20996
17694
22698
3473
11649
29605
32080
10062
31438
4132
20003
182
16010
26640
30991
490
19501
20088
21416
25683
14834
27179
13281
1619
19717
13347
2844
23896
18241
13286
298
27933
13278
14130
23498
22784
4157
7945
11022
13552
8564
27797
12037
5183
21909
15380
31546
15117
32594
29353
18897
14579
32751
11161
28044
2284
32198
4879
22076
4686
20910
62
4292
16232
883
862
5646
4009
20869
5245
14733
3966
11209
16002
31038
1283
18563
16067
1017
24055
17007
10997
15841
8571
21291
18333
18130
16513
27386
29933
6801
18327
4669
9292
32490
16934
32222
12917
23672
19957
6012
28678
23264
19134
12348
26433
5742
9612
14391
21391
25196
13921
14669
8228
23148
32273
15358
21238
13519
4456
28138
16853
12065
21131
9775
23632
15884
13523
13737
29615
9089
6743
31526
4508
7709
13240
8859
3818
16347
22717
1641
26941
23403
25935
16334
3048
16318
21371
17909
18
10948
22104
14520
17645
12401
29246
26495
22394
17619
13665
4463
14927
21332
15145
2375
15246
32245
8175
1942
15119
2127
5313
19073
520
25825
4375
620
3417
1603
21746
1599
8330
27044
19652
26074
28771
675
23674
23884
17399
5700
19051
21287
19331
9165
29195
25499
27577
26691
16363
25012
8757
30018
30080
24144
32082
14528
21882
31183
3467
13606
24082
4152
31336
22988
25798
16799
22210
32128
29763
26781
16940
29038
9371
24865
25479
22377
23372
24455
7303
4291
4606
20637
29603
26539
19231
29596
11316
14379
17668
3439
1251
22497
12918
6727
24695
17795
16569
16844
26334
4055
3848
4000
23410
9318
22341
32529
19438
4505
26622
31644
32060
32151
31060
4330
12645
29344
10057
18274
6694
23461
27165
15632
9003
1150
1548
4981
28220
22496
27715
9836
14544
8491
7968
9574
361
21041
12580
23373
21490
20442
9577
8138
3563
26455
193
16129
31995
26570
11985
15533
2645
25128
20433
14510
16013
12548
13962
14503
26594
23621
28388
30599
23426
22559
26222
18552
17235
1827
8262
4366
13614
31848
8691
1048
31393
3857
10591
13430
22534
10509
8164
18700
13277
10462
6573
16933
19509
17691
11277
15971
25574
6308
17045
17841
30698
11176
14524
24449
5345
25395
15133
2210
29101
20356
8485
11397
623
18930
15875
22191
32154
17927
9854
8723
17897
29448
7861
6785
18825
29425
24708
10560
17620
27660
17954
3434
18502
5525
10884
27234
21897
16129
1792
10495
5721
14221
9367
18929
3826
25193
4326
8081
27209
4120
9700
15615
17569
15251
28832
22217
11146
1814
26319
15389
19908
14045
30492
25776
200
28690
12046
23751
14478
4995
15731
436
26348
7902
13878
5916
18530
8809
7578
829
21982
26185
20241
4064
16350
16399
10132
29214
5161
17744
4759
3876
15430
10026
17972
2679
8165
1693
14896
10196
30159
10671
12748
26474
391
22475
4471
15177
26593
416
21941
32317
24829
8027
9118
24053
14813
30162
18529
31056
820
2378
256
18217
1181
5429
24669
1465
15330
3352
20325
627
28147
29759
1643
2413
24185
27463
3710
3508
9530
4370
22729
5739
21721
1319
20985
23864
16171
15120
13080
4623
15905
31555
9071
28847
9649
13643
26163
13016
13845
17284
11641
5720
4658
12231
26569
16777
13478
11892
32765
21100
27592
17453
2214
625
19616
23608
4820
11457
18546
24429
9288
4173
26021
28274
14306
31446
5189
23607
14615
14996
31209
25690
1961
6598
20692
17015
13866
1292
26518
14439
7610
18256
31657
9833
27536
20095
797
30320
28329
10269
15058
26225
9651
10849
30641
17933
14744
11868
9993
24553
27861
17602
23478
7694
26113
19418
25827
7859
6575
15487
27249
20982
3911
15767
4643
30791
32227
23976
23559
32237
27605
28433
19440
8465
28352
7416
3224
23210
31745
19000
10402
21332
13609
13900
29511
19237
1286
30529
24846
753
17540
21004
19838
17134
10257
36
31982
6690
26907
31197
11839
18809
22731
13131
2814
18576
28676
15708
27695
16620
18915
30158
19294
7793
10566
18372
6005
11404
8507
12364
30651
8786
21271
7396
22564
11423
12274
23218
28741
25852
24499
29335
6081
1432
32571
12141
13078
30649
21043
21347
5861
7438
7316
22142
7251
10278
22947
26670
18008
26948
30416
666
21932
18571
13797
31600
7142
11050
31169
6621
2974
22995
13902
16955
24177
2383
14477
26478
9544
11688
11917
11523
11255
958
26296
16704
166
13104
8939
0
10045
19603
18732
7961
18291
2269
27253
16013
13068
25890
17805
18944
18826
8477
6526
13630
8640
18132
5173
11276
24923
8542
12879
1912
1619
27986
14703
10275
17262
1244
2869
26922
26498
9172
26200
19369
23526
3655
30030
1520
236
15067
1743
14901
9358
8238
12949
24498
19490
3525
4372
23222
3280
21323
4186
13764
28145
32507
16376
13953
2324
5597
6186
5189
24405
1792
13521
6191
26909
29451
22882
20192
27796
1862
8680
8908
2187
29157
1201
14827
8496
26623
18664
5605
32002
15557
12670
27485
25035
4939
23258
7823
31761
31374
3317
25875
915
21455
22812
27455
8890
8492
22381
14837
17004
28254
27431
25613
15374
15178
12834
3923
5193
31739
19544
12310
13546
29567
20278
3168
8960
5469
16396
22797
26150
1739
10256
25757
1787
21585
6495
14511
30308
22737
4376
32011
28040
5334
8991
29154
24067
8996
11683
12877
893
6845
11930
6917
9686
3012
126
617
28794
29131
21241
23966
18634
29870
21235
31961
14986
25774
7033
23662
16797
11609
24794
8122
31200
25632
30053
20250
20494
21026
23002
1980
25003
16520
22148
9729
18343
16457
32026
18009
9151
23255
32513
9440
30139
19709
9435
9946
20431
16987
29584
1976
31646
20983
14657
1508
24914
27487
15188
11159
30652
3090
1348
14245
23390
10608
4725
27274
6368
22155
26186
4637
26759
13356
16224
29086
20018
26432
9114
25375
5870
28882
10628
7474
31409
12548
11662
26598
17795
17907
320
10087
26830
20633
28510
7873
9153
30465
5077
2967
31835
20335
13027
32593
15941
22168
10125
14161
24417
5447
27016
2405
21760
11953
6529
9032
28779
7313
7414
29385
6080
28221
6241
14170
31827
15309
19948
26418
14679
14132
28128
10643
936
11685
21349
11662
19319
31932
14582
22427
7948
28877
10331
31914
2984
31332
19882
1331
31790
22175
5424
12690
2967
32151
26433
1931
16721
12730
21404
10322
15479
10408
21055
22365
16835
8006
19708
14305
11792
11972
20963
13671
7933
11741
12410
7395
9287
20884
22513
12820
16948
8908
8122
2255
348
32522
2996
6060
10588
4495
30584
2374
25403
22672
26051
8293
31863
2960
12435
3820
16045
23579
29682
20829
12538
30463
3659
31845
867
3255
32507
16914
12848
10842
13723
30620
17522
14562
10252
18890
5723
13387
20785
2084
4866
353
12053
11020
13849
15492
4090
30220
9884
30549
28451
27123
21877
30113
13000
5024
30692
20222
7937
11015
26847
8817
19427
12352
24211
7352
4433
32236
7483
13528
26204
18644
31057
22563
32040
32199
12215
18848
24394
7944
28648
29374
9854
10155
21580
30539
31663
19039
19193
14876
16319
15581
1926
5545
13457
23671
16764
17630
19298
16902
20704
10976
3316
10142
1740
16798
1702
1150
29697
816
21422
30769
5737
20522
4040
7429
14274
17643
24744
14216
28412
1147
24848
6346
7232
19540
13417
29877
21824
947
30084
23565
1766
31451
22972
1062
1938
9798
22944
14223
12623
18325
7890
29302
13536
7358
4606
18797
12545
27949
22593
11921
24612
32368
1395
16771
15926
27072
20336
22639
25162
2056
31659
11781
19155
28944
21564
16226
16179
18183
21653
14339
30575
15510
8249
76
11084
8188
22981
18246
30243
32118
28928
21012
15462
158
8347
15307
14469
12846
7400
26518
15905
31808
27576
4967
2125
6294
15507
24123
3417
20789
910
30281
25142
28644
28323
5627
5440
14584
19091
10104
22336
24783
17652
5277
2575
6385
5634
30640
22156
16544
31332
25997
18323
12421
6197
10
15370
28489
16723
20627
26576
3844
28570
716
22511
8685
614
6541
8054
1965
3194
18169
17429
16643
20433
16032
1111
4749
1834
28946
3782
28954
8178
28792
5982
12772
556
16860
22179
9735
16158
24041
3162
5256
29723
12903
8760
3444
17477
18487
15829
1323
19801
3632
8853
5344
2744
29912
8185
14739
2820
18502
10495
273
14412
15506
12787
19919
28074
28093
15766
29341
10287
10761
18133
41
3907
9873
10361
14945
17636
21999
22075
25820
22591
15652
12617
18848
12497
30847
27268
6537
5342
11643
5398
1312
1554
10099
5156
22599
11589
19862
28397
10415
14695
19272
3038
19429
18993
24777
27113
17207
23817
972
20247
29627
320
13141
9906
4372
30621
31631
28321
6031
24735
27245
7511
24472
4166
31489
6742
11505
16666
4921
13856
8625
27809
29945
14427
3174
2837
7898
1080
11723
6116
31522
2520
19619
1112
19920
18627
32212
30799
10743
14324
30936
15121
6768
18983
23934
10178
17860
23266
13667
3294
513
10367
16280
17053
24260
20758
8009
8035
19047
21525
18673
26481
27952
3832
22037
11843
21103
32498
22832
20
20996
5615
8613
3123
30614
18566
43
16569
14131
8696
18843
1891
32029
11311
19640
31849
23463
15632
2261
29709
6007
7865
13453
8176
1403
31024
24293
5993
31902
27386
30542
24292
28755
29334
4539
7816
9660
31651
13188
18112
26541
10380
8155
27961
19948
30949
14995
15274
9468
8400
19643
17724
27307
5400
24368
22583
16170
5903
2051
14464
1910
27566
3363
4715
18855
5991
28523
23464
3851
15201
28449
26767
8090
30656
4774
30701
5510
10961
2471
13512
28995
4612
25370
29257
13273
3918
1911
10791
30495
14660
14952
2638
12591
15249
26219
2197
8253
12777
18720
25084
3181
28113
26277
28876
4653
19522
7656
32231
19902
2139
11643
30574
28305
11530
31819
19113
13204
19589
26746
9716
24074
28490
8731
11916
2805
27784
32176
14742
20326
23150
5414
30986
32702
11674
27152
17417
13336
10285
22754
6662
14304
23156
31407
10104
18347
13859
19225
30833
26827
27748
9792
27415
28245
15975
26685
7631
7579
17719
15941
14890
13045
3563
23366
25060
32169
32579
5317
7252
28464
27331
10516
5974
17819
20902
7744
1297
18044
3358
13031
4895
2481
21856
15970
10147
30522
11430
26926
30211
16649
20168
22140
4119
4191
1470
4386
21647
1299
14243
26928
1352
16921
8724
32209
11958
26047
5822
21305
29995
2584
12052
22074
12491
28880
4438
19195
15245
24861
24589
5231
2933
18516
14790
32092
25729
4175
19210
15076
959
7627
6366
22101
2190
24575
30741
23772
7295
30457
25853
24098
17778
21119
6362
20073
21212
32578
26509
6
3645
24348
26416
705
2980
23631
27343
26422
13677
6740
3764
21890
32043
19313
26791
27415
22913
9527
24815
2033
28487
16496
7888
4636
3560
3429
5599
680
29108
3334
15762
20824
32387
24837
18871
8678
11155
29036
1835
17797
11676
4767
2613
18301
25726
3597
9044
5362
15857
12180
24085
20298
13818
26733
1451
8959
6597
29301
4373
12431
11875
145
19971
14458
25734
17284
16073
13455
16821
25063
3087
18503
14299
16481
19674
215
17202
2830
26565
16196
17125
32742
31154
12769
24748
29920
9046
30585
16006
21836
29255
11232
16240
24508
24474
14205
3835
2966
25313
15830
19615
2069
22376
10664
30060
7325
18293
32479
32215
26071
12594
25253
30655
14218
27465
12298
731
31480
16787
8884
24657
4087
14528
21565
7844
13829
2130
22998
8985
24973
30994
16307
9750
9363
15152
136
1691
12613
21202
2431
7739
16135
32737
9276
6830
21587
5931
14160
26833
4680
29890
32626
17381
9125
19656
28994
12823
16544
21654
26881
17221
27538
20288
30099
3255
28598
7294
6192
6869
12526
29545
11127
4974
14390
6006
22461
29686
18599
386
4124
23964
22789
32029
8226
15167
18059
2367
11558
14022
1769
26165
21721
30290
15943
16472
3132
29754
4795
24236
8224
11085
586
29462
12252
20851
900
152
8866
16487
13075
15489
22168
10761
16854
29188
5239
18168
28613
9426
28824
16192
11246
17688
25594
20605
17363
4243
23420
26110
4555
26245
22471
31006
24402
13689
7600
9534
15627
12089
20736
28127
28240
25532
25171
24390
32020
27523
104
17165
7413
18009
14167
23605
12711
30910
12442
21696
17290
18883
11158
1512
19234
11927
15692
29668
6893
16761
3716
13863
14977
27576
12405
1813
434
23036
19148
18925
2275
4625
18277
21802
19166
16298
21615
28211
32534
15641
21428
31200
31471
5378
16606
17943
9320
20368
10269
6275
24989
18607
745
6226
13570
7172
30294
2699
14821
9424
1503
32255
5721
25865
29185
19429
19158
19596
6319
11614
11852
8465
31511
25293
5110
9108
21664
5144
29725
8661
11372
27548
21174
26108
17443
28183
13290
30453
3136
15816
9379
631
24255
1341
5514
5957
19570
23416
12083
28037
26404
2256
7815
27746
9700
7935
12256
11562
22426
29411
5551
6889
27575
19011
11777
22672
31734
28423
22122
28179
14284
26680
29630
130
24759
18377
709
5165
21031
677
20623
6430
10489
3033
3804
13801
2393
14556
2595
1843
22244
8662
30562
30963
11405
1468
1227
26049
26256
1802
17204
15950
4266
15263
23201
3491
24768
5799
12346
25479
24422
23826
22896
31381
31119
11143
26561
27837
6513
24993
10888
22640
12696
8249
15122
13016
3372
25797
30970
26885
32562
16974
19752
1137
9984
12270
17762
23532
28811
22177
26258
4016
6557
11205
7168
21179
8971
10535
21473
31516
1004
4766
25375
7113
18895
16349
25033
26677
29395
14031
31059
25298
30725
7466
14365
11101
7709
1706
7432
378
8209
31261
4643
30917
3103
24783
24602
23055
7446
5072
20686
16713
17636
1961
6864
1185
2686
1420
17008
28506
7403
7044
32359
7950
32497
15568
10627
28691
11961
5362
9677
14502
13184
19986
8652
3880
10357
10243
27435
23924
3831
31596
30426
27890
7783
6431
24784
291
18244
18990
17001
7512
11341
31967
21643
1519
11092
6996
11680
3088
32407
9297
21887
4977
3716
8948
26162
5792
8720
20865
3223
6128
16377
7226
18005
2977
32173
28718
2606
395
486
20489
15484
2727
24777
21903
10975
19815
18095
14793
24519
9778
8661
12970
27763
2942
711
26322
27906
22339
31851
27180
11737
1251
1996
32053
18464
14683
10905
17776
23104
19068
18027
13545
13433
30110
6155
9844
3807
22385
28956
799
3922
3586
24669
31899
15531
3076
29624
27436
10826
26286
12492
15609
1072
31758
13901
10564
22434
20725
13824
23453
19968
31386
12323
19855
28240
25362
13994
733
14205
2703
20128
9378
15075
16279
26092
2457
16235
5974
13887
5361
26435
30575
7501
15012
6675
5023
15132
27030
13124
21518
7625
11743
8351
20250
25822
19736
29941
14228
2226
26843
3994
2266
9870
20202
0
15190
8069
473
25054
28475
12796
17914
16872
2775
23907
19498
2311
24228
25403
20957
6614
17049
32078
15591
6534
17342
30189
8667
20134
5153
1486
8664
30407
15528
30188
4044
16852
20175
13699
19732
31774
14668
23131
4142
24253
19899
13715
20344
25323
24517
10820
32362
31871
5136
17051
612
259
28025
9239
32219
18169
13029
32019
7021
11345
13499
29494
183
31430
25741
7438
8894
9529
31852
10001
28922
16636
3578
7691
32690
1805
4083
18825
418
24763
8989
21034
28694
19149
462
3792
1652
19775
29133
29797
19629
1792
10982
7468
27515
5890
12065
11737
6575
21426
19303
22333
5347
23152
4642
8446
3146
27524
17465
31929
30426
28517
3620
5324
2399
22620
11465
22863
22964
15321
17682
13276
22032
13715
30685
1118
17460
13001
27081
16443
7566
24251
21176
16349
18891
24483
21654
22113
7800
4504
10262
25415
21236
10267
4178
2254
8804
2577
31172
22733
14951
19247
1858
603
26105
28530
13585
2019
20533
20306
5342
280
28078
30271
23551
30300
9659
6218
17595
21683
18320
23734
20593
11292
7768
24948
3072
26152
23871
24938
463
21090
13296
30738
9802
19408
20156
8555
14391
14739
26550
25506
17102
26271
4066
22761
13003
12408
13551
15585
23509
3415
19734
29606
13270
25471
26263
32576
19609
24088
2621
24270
12119
13585
7527
30368
8729
16685
10356
28877
12947
1769
17438
18464
14119
2661
31666
4373
877
1930
31531
19216
4787
26154
32091
30132
12791
28167
15147
10125
8256
27018
27606
15987
1383
22638
22205
9847
2660
21786
8046
2127
6115
16584
17265
20025
16330
1554
2348
26945
25743
963
10312
15797
17546
26181
29234
26346
12882
25494
10534
32410
26463
4181
18120
31565
10366
29611
4584
21541
2665
9265
3589
746
26907
523
16347
27757
1005
32046
3493
24026
15873
20113
17937
6067
4304
19116
29644
26396
27991
5457
1529
10493
3058
18605
3977
27898
19449
804
19300
10942
9071
24881
26198
15363
28077
2830
25585
29111
11622
16287
8098
24466
32695
31817
22429
15461
4162
31995
25369
7955
7166
25018
9342
614
2812
22490
18304
10635
3895
28354
15702
30493
17023
19635
810
24311
21209
14317
18070
13394
12014
8222
17243
4287
8796
53
18897
31014
15305
18090
32469
30322
25006
31329
1318
5697
16307
11437
13427
2576
17894
2022
15712
1949
31701
31740
31706
9575
15878
15320
1296
26155
8857
31732
25356
20870
20220
11000
5984
9805
11981
20676
3783
16840
21147
18131
18708
26189
29329
8280
1535
14193
32292
2408
9635
31278
5636
30361
22033
3956
16607
30920
20403
8956
27678
11298
31893
6999
9596
10004
20100
31392
15420
8282
30782
21633
32586
27125
24039
5077
12296
1743
1016
5638
40
25683
2148
1627
28732
109
6711
5022
30499
10757
26259
31195
10217
28927
1390
8278
4273
519
12461
14296
29962
30429
15816
8602
15065
8391
10847
28951
24099
1705
24723
3298
24122
26034
7774
13550
3055
10068
8211
25932
896
30637
11979
6124
9468
7939
11718
15523
3201
10316
16153
6457
8272
5368
11605
22010
6111
14008
364
4155
7663
26166
1458
3328
2257
21597
13906
485
5995
7203
25612
25165
23911
6542
24153
15603
32020
25401
17301
29157
29373
29515
17861
13965
25637
25085
26082
5978
11704
11076
8398
21335
10416
19753
25441
4616
2976
26708
2268
21015
3115
26560
1407
1502
27323
10103
7608
22042
28857
11227
25851
19259
14636
13541
11891
871
26718
7555
1649
30714
30831
27784
1019
25240
10910
31019
295
14654
17441
32257
5525
8922
18580
9422
26828
12626
9257
9282
3896
21900
5800
10678
7654
8098
25230
27815
30122
106
19183
13318
4008
3676
28402
21916
7084
20528
15221
2495
31082
17546
22236
1696
1983
19733
20359
13612
5263
26052
15502
12061
13118
18876
21982
6993
3168
3741
32057
21798
25872
12664
18899
26671
27933
10970
27990
25573
24950
9413
1563
947
32403
31205
15781
20174
14734
21051
12764
29980
7176
32523
20562
19748
32718
15095
24895
7995
70
5667
27648
5689
5904
15594
22575
2102
7780
15562
30822
29737
21980
5080
32064
3121
26335
15931
16413
14710
11251
6631
15163
19066
4567
22110
16573
18462
20682
5092
31055
29066
8918
4992
26287
5015
19709
2424
19220
12990
28128
5820
19399
31265
6371
6578
9208
11388
2388
6383
9088
16652
6875
16435
32673
21744
4074
24497
6995
30436
8654
32146
539
28324
28797
24141
4638
2644
11830
28282
9320
21127
8868
16923
32475
31476
15894
9861
26774
29437
26587
3211
12010
14816
9030
2307
16321
12389
21437
11567
7771
3409
32105
31404
21706
12249
2951
23333
26028
12715
2678
31972
23813
11069
22924
14248
7694
16679
7803
11718
23332
13872
16282
12762
31439
18339
22032
25716
8101
19175
2154
7853
707
31281
23112
13611
19671
15684
21812
25249
15163
13502
18304
18772
18016
23297
17386
18661
21514
7562
1457
15017
19118
6253
19467
9085
8866
15784
27982
11747
16925
439
11378
30850
12835
19759
28835
3554
5222
26809
19040
48
28601
273
14063
6134
16389
15327
22774
13630
11775
19752
14186
11206
27527
1203
16825
5883
14679
15555
24956
5856
2561
22348
21497
13319
19984
12787
1832
24165
15860
29752
5109
20727
13024
5377
10617
20122
28762
10040
2206
20272
2708
11837
24067
12193
3493
25196
18343
22456
29796
21931
758
6583
29016
24764
30252
23036
20452
6033
26584
15066
20108
20804
23353
5463
17147
29653
10942
21979
14771
22354
23132
20650
31427
22199
6101
12474
12930
1874
17396
32000
2917
18644
28562
2915
14720
7673
20090
17703
3094
8076
22244
6682
19415
14006
907
20135
29213
21546
21119
18548
20662
7675
24747
8005
27719
14292
3
18837
31276
6297
25889
5009
16390
21200
29831
25488
14659
31868
19605
21748
27593
30291
32138
12357
2717
19043
15169
14751
6966
95
30950
20475
9736
26839
4948
9914
15720
4251
27031
20596
4643
18002
19287
31493
6974
15727
153
29289
21182
25705
17517
4202
11867
31438
31501
19938
24835
14570
17362
20839
22241
26672
24393
14202
22333
7165
5830
20572
20596
28933
1364
1057
14627
15098
29761
24796
9999
25774
25297
11122
24326
15689
1311
18781
8185
7550
31140
6287
29439
325
26047
25086
4369
8203
15735
29839
23620
3466
7310
24422
17277
421
10859
25467
21674
29712
20064
2198
19933
28962
11432
19982
12537
22846
10087
24188
21591
12440
22454
7996
14128
17968
3444
17670
11438
30889
15945
23346
17996
19683
32456
7712
28416
8515
17416
4621
17311
15400
26646
15500
8341
10989
26424
12738
20435
26300
21404
25731
1701
20284
3093
17523
29342
31691
28403
20984
10394
15439
9564
26247
17758
21434
30950
29739
27415
18026
31776
14860
30881
17118
14912
27938
1742
26048
15277
30221
2005
22105
11953
26969
23855
29753
2515
31919
21392
18438
3894
22775
201
16135
1459
25583
25775
10923
20453
751
7936
23087
32207
14116
14566
4143
5585
26802
3616
4011
12486
18422
30713
10731
1560
14468
7589
18666
4737
22906
23251
31433
22607
21604
30686
10950
18353
17997
454
8681
29725
12570
20992
1436
25148
27306
18518
1810
22878
26315
16020
31845
25848
2816
25954
2083
14670
27989
31328
29039
12408
14068
21489
582
24342
21659
10657
8091
12078
8620
10978
24202
28787
10031
14353
4866
9509
8745
14624
7613
8623
31712
13600
25298
26672
13259
27914
27266
12512
20352
24041
7653
21304
2211
9007
2857
16986
12409
27627
10542
12529
16143
4271
4434
19329
9958
741
13691
8534
15104
3471
10966
25300
19621
9080
15231
6050
11335
9378
15135
4754
27928
30817
20651
6547
12622
11111
2713
23478
19166
15799
26825
6835
30093
8030
25504
14758
18630
30560
17337
20841
642
12910
2314
6836
16244
5973
1630
14633
13302
6837
4966
17131
24685
16155
5550
3691
9903
21974
2456
620
3587
4160
28651
22124
31003
25438
24355
6690
18751
25799
19688
19088
20645
1988
31883
10196
29191
12317
23335
908
7121
15011
13169
23340
14081
24345
26173
20682
12145
20694
9837
17260
27842
27418
692
13690
25003
14590
27986
12022
7128
14049
10141
17657
26944
139
14030
14252
10209
19243
4351
155
20629
3909
31915
28100
32044
1913
15815
32663
7395
14188
10632
9986
6398
22909
19068
8863
5687
11959
31907
26743
7596
2323
26549
19176
21074
14417
26353
28446
19931
4239
10383
23695
24838
24213
10764
11629
885
4271
22345
11231
18887
16488
4791
16936
2367
3773
10986
4693
18234
14675
32125
11571
6766
22761
14279
5694
26766
20839
27287
2721
25897
9570
30883
22235
28667
21261
4715
27363
6947
19275
11518
24122
28600
21870
16763
8643
7922
19468
20116
3455
10925
25299
9033
19922
17808
11642
16966
11051
5828
17577
13792
6867
11909
18857
4913
32602
28368
16853
16758
21458
3935
18349
19413
4812
9458
14721
23669
4951
21843
30728
2298
1282
18508
3288
28228
18428
5671
31729
9504
1485
5966
4929
16577
30208
13503
2085
23145
24944
13238
13
189
14603
12156
1361
6254
31867
4238
25817
7063
4911
1152
4053
4013
10762
11239
23500
12602
1785
21955
964
26951
21423
6841
641
27215
28706
21228
17067
2368
28317
13840
28240
19157
60
29728
27925
10222
3792
2908
233
19646
27405
20504
24109
26435
32315
23357
7873
4747
32079
3273
741
16306
22374
4063
13761
16218
23523
11790
11124
30459
5989
9834
9646
21184
23314
1771
26969
381
23131
15008
32644
19817
13914
31742
2409
937
27140
25439
29839
4580
6293
668
27139
810
22254
19092
23810
23552
2712
3113
29690
11544
16199
3170
30522
11075
25344
5380
24127
8704
20845
523
18977
29446
17002
29286
5485
12407
31916
1650
13478
12960
10769
23517
9347
12357
5136
25287
11624
8939
13246
3335
28099
12856
4522
19046
28725
16890
15360
11540
9467
28822
3515
6208
16341
22428
20005
28419
19277
16141
2530
28980
10332
16632
23989
12906
24534
23238
8662
10479
6505
27987
8397
9939
5675
25202
24264
18453
6602
9616
11724
24476
4812
4218
24170
14377
18119
20763
30956
26460
26095
16428
17053
25018
10736
1905
18231
29768
22324
19225
27964
5699
4406
30185
7759
4804
4992
22148
8673
29071
30130
8392
20123
19835
32111
14002
30981
27997
11139
10856
12722
8374
11907
19577
8754
8671
24074
6258
27485
20653
14189
30344
27043
1400
12546
6647
11448
6912
20400
13522
1668
24100
16086
4279
30668
30089
10343
999
19054
15363
29200
31418
26899
28137
26531
3289
6831
26751
31374
1851
21515
15620
3057
10915
27172
8854
16734
15275
28797
21432
27506
12363
3222
25413
20890
24887
3325
25815
25057
13488
13412
21133
21838
7752
3865
13704
1910
26740
9433
19121
26368
19883
12581
4532
26719
25260
9426
5674
22523
18521
24719
22398
15536
29202
8908
1545
17012
31
32524
6885
17651
25227
9627
604
123
3193
7215
878
19077
27585
28491
13475
22321
932
13654
21071
31978
29447
815
15382
27181
13203
1302
28067
2654
12903
7791
9400
20056
7951
7248
1033
30040
1272
18601
27132
19543
2530
22730
28539
5291
29066
12748
30549
9140
330
17881
21867
9568
19618
16672
22460
31540
15613
10611
19804
27442
15706
1023
5984
11695
30497
6482
27052
17735
19448
10458
15819
29263
16921
1523
21788
15686
26755
4561
23401
32658
29993
2730
12010
13430
23215
9518
28510
12107
27416
7143
326
17854
25190
9180
25401
16352
10863
29894
11596
27495
16257
25046
21134
2575
24688
25657
552
16891
25194
18457
7923
6384
21800
27405
18535
25841
8817
15416
4127
2347
30681
21486
15141
14764
31741
19789
31853
31958
541
22275
9005
7629
2103
31722
27617
8306
15854
26872
6051
2093
29662
30019
13597
8350
5289
8784
28004
21004
12841
21164
12367
6256
31284
3989
8383
26448
14358
13535
7308
21116
897
9877
7467
4564
6731
15397
15225
6447
29540
10851
22404
17411
11987
20422
2933
27930
26507
32242
14929
13579
30183
10709
3815
5437
31668
29007
9294
32602
32002
4643
30396
26539
12003
25353
3950
9901
18354
5839
5890
7938
25678
24753
16862
27245
13412
5513
3093
19110
3747
5376
29856
15388
22104
22195
15220
21160
9534
17432
4321
19106
27459
15651
26671
28448
19471
28354
6833
2975
5775
18361
28446
22785
24587
30713
4035
28149
3204
26016
2707
18288
15014
29804
29121
23848
6129
453
16086
31176
25325
19701
29387
30241
5499
17153
10486
16564
27234
23891
10816
21026
25680
31871
1986
3434
14081
10670
30828
8001
7481
13661
31407
449
13935
12903
10700
10486
14524
23301
13106
22465
17820
13150
27092
1623
21642
26775
10931
734
18900
9054
7750
8284
11883
6605
2920
23928
1771
17690
19000
20924
3941
28812
148
6858
19878
3004
1165
18763
24043
2999
7113
25877
28780
20645
15769
18044
982
27250
7264
4617
3647
1621
16002
30432
11368
27090
5200
20802
18105
13095
28086
32287
16940
26799
22873
26645
27676
18330
24957
31218
12326
16867
13179
29152
11785
26887
23043
2497
107
31536
10440
3915
12181
6522
16217
8561
5969
26666
11913
15618
25666
20230
10524
6572
6590
17853
7263
17226
14809
30720
27397
7447
27562
27447
10446
28231
2711
27372
20112
4041
30856
13519
2773
14571
23625
25845
18373
1645
30158
13656
16747
3114
19535
27142
24552
1008
7058
9280
32096
24231
12327
24459
10333
2424
25543
10782
18088
24182
14269
5698
1062
30523
21450
8722
30576
29034
29392
27820
8289
23925
16844
14899
27977
22155
29907
20424
29303
31534
13598
25115
5939
14903
6215
7655
13460
3066
26232
27356
20755
26314
2042
16538
17064
11813
10281
22712
9205
10904
29670
14742
19593
20970
29150
21787
26753
11532
10749
21538
9783
881
8584
6289
23153
28344
3659
29343
24373
13560
13152
27492
7415
11915
13586
23551
21982
32707
29057
22235
29135
27421
28810
10820
1474
13359
8354
11244
8784
13653
25768
23529
19152
23684
7695
11075
27924
27163
12867
21689
28602
13181
32411
10298
9129
23211
11429
8703
32056
31113
12968
25184
3437
6047
19560
345
10424
25084
7428
8364
12506
19204
9837
25521
11126
21698
14258
16853
17472
32361
15758
29510
11442
31070
10089
2867
18442
8874
23589
16789
10113
10566
14925
10335
409
60
32298
4061
32391
23178
15795
13634
2644
13714
17508
7469
8669
18909
21217
23657
30716
20786
11764
5697
2925
18865
5519
8391
7171
18101
21115
7199
19716
24859
14604
20529
28896
15081
11730
16790
795
8825
24961
24317
25606
27813
25965
6308
17404
31472
9682
12076
12547
23819
3921
17804
27374
16610
18285
27623
8925
26801
31857
7122
14284
15403
17368
8517
20187
3983
9550
12145
18543
31497
16688
22688
32281
12828
26461
14607
16614
21301
18070
11567
9550
10440
3364
22841
13212
28042
11287
20934
23426
15836
21910
4202
15447
3126
14943
29677
21488
29358
7394
29771
32023
6295
1635
31672
4156
26566
14709
23357
6645
11204
4611
2721
4361
3966
14194
23584
31089
6074
16709
12917
22197
13051
6831
3132
27234
25807
30059
440
29497
24376
22470
17304
17994
21947
3170
154
8802
23856
6951
12193
9362
28825
27262
14251
24732
10856
19403
11177
29637
8781
32268
893
14258
10889
7449
3899
6427
26220
26097
25706
8923
383
15579
25542
4388
30157
7552
29876
22557
23692
31722
17060
12088
7705
942
9456
12780
8734
25270
16355
22514
29979
31906
10983
14598
19340
253
27586
9417
8717
16193
924
3986
20502
2107
30042
3092
6576
2406
6500
30385
30740
27046
10639
8932
11620
7897
15874
4498
10512
2999
15950
6137
25260
11064
1374
7449
1517
15505
24181
27984
14496
18985
2008
5896
15547
23144
31229
29203
29675
19091
5615
3692
29004
28447
2312
6489
22244
21137
27901
28738
9864
18763
24412
12268
17470
25797
17378
23341
5847
14319
17612
28007
2660
19040
28523
26173
13751
5482
4289
29636
29289
26896
10316
21809
12927
28948
4952
2240
1163
26297
15325
18764
23374
24762
1508
26744
20448
7166
23807
9673
26411
26167
16129
27927
7436
6505
29720
26019
13673
11627
20048
26535
11454
30560
30824
6826
9944
26360
9819
8920
18747
22209
8118
30997
25566
10344
20287
21957
9854
13965
29999
31465
4302
29618
21704
12971
12816
25631
25924
28167
12443
12273
4897
26789
11295
25632
124
24291
5778
29446
14263
30757
17922
17583
15962
11380
30401
14466
25026
8613
3262
16083
20181
16613
10847
17860
28104
28752
19495
14758
31795
5305
560
17146
18356
7402
390
12161
26809
25320
11859
21207
11471
29452
16308
20408
28333
21758
1474
10657
3596
25371
425
3785
12926
31519
23203
9741
14454
32542
7945
3805
2351
9280
29236
27199
28365
28841
29331
7902
4520
20635
1261
1403
20326
21054
3502
12560
14761
1626
9017
1175
1496
13905
14725
27553
8077
7434
13127
12006
10493
3900
21936
9334
16944
24049
10009
4278
13255
25084
7388
19786
24629
18940
21488
13181
31245
2635
25742
25151
10597
14392
634
15491
31317
25731
30718
28799
12011
25447
5721
22578
27502
7992
19899
19254
18809
11028
22078
1212
2232
1384
9073
