21517
8700
12857
17259
26217
9233
24583
31191
20219
29521
23997
13145
16915
9171
1861
32680
32600
30172
21030
23751
7796
26340
14018
13942
686
1330
20611
22331
26815
29842
22975
3681
1238
32381
20360
8381
1003
30032
1016
8198
4685
32496
25226
21790
24457
21290
10199
18654
31783
27182
4424
15697
14588
19342
1293
11040
32159
21439
21834
6513
31665
22362
989
17911
25878
11193
13239
26382
23631
25719
25478
5534
18822
3275
32752
1453
11112
27311
13977
32132
27094
8315
3829
9726
29888
27908
12742
30714
25977
7608
22582
29466
21215
23137
19515
18832
16030
1703
20473
9130
29030
30841
31141
24568
14356
18995
6910
17869
13762
25518
22042
28691
12098
21885
9822
9143
31641
31852
15727
32437
13728
10092
12922
4498
16853
16216
19135
25246
31902
10567
8753
27405
10788
22600
6891
30907
29214
13415
31250
17921
10294
1692
9451
20722
21751
23747
6810
2800
6805
23236
32586
32712
22248
9296
14560
32301
23388
5903
3463
9629
5058
25983
30171
2500
15137
31960
1264
10848
17349
26614
21970
2202
14624
28696
15753
9832
3423
5483
16407
23678
764
10904
7558
19068
15986
20828
9921
32150
13965
26975
24088
9101
1405
24193
6887
19463
30494
27808
861
24239
29402
18845
3559
28562
912
4558
31345
18205
20582
760
27132
24425
29458
21004
9051
12643
25399
28944
4003
22479
29142
16637
24838
23506
22244
4949
17321
9537
375
20995
31010
22380
6484
6607
1353
4708
654
24560
5669
2916
24788
9050
30226
22471
111
11966
19773
24702
2952
17558
30663
12512
24904
30279
16215
2160
9314
14985
8856
13228
30401
14617
20778
19045
20330
29132
7855
11712
7174
22561
6418
29841
2931
12513
14319
26580
19648
27646
3850
6815
19088
17132
12700
14644
5908
18939
9565
11207
20241
29309
31768
18806
8724
22852
6840
17522
10736
20891
6209
21496
32394
17835
3633
26478
7507
26710
3336
6912
20934
8990
7248
21137
23341
118
28927
10309
20013
2002
1076
29285
31488
30734
4195
22756
4675
4194
15724
32175
5349
30057
29686
21151
26633
13069
9835
23904
20361
11304
5465
18034
8734
6501
20343
5216
25920
19862
14461
13858
3265
2665
32384
4318
4198
18631
5945
12401
27539
13913
4260
7244
27887
31550
12243
26421
24399
22651
8485
8785
5737
32174
22093
29823
21725
11490
12606
31229
25046
17908
15228
32573
13860
11068
7467
32592
4063
12200
22704
19420
3204
27936
29689
25400
12180
24178
7738
31157
27761
29688
17584
7585
21077
1270
24189
6231
1086
13727
31337
4537
9140
14634
6467
10151
31514
7344
5780
21166
10518
29911
24733
26747
26379
13188
10658
1926
29979
31416
18738
7107
24047
9543
24706
7995
30113
10514
852
3233
15163
19550
24438
25192
11617
16171
15205
2285
67
24813
27581
31827
16357
22202
30892
3816
23590
28467
13368
27302
30272
86
6385
12013
26411
19757
31728
277
6035
24476
15074
260
18068
22929
27271
30879
18879
20176
28833
1365
16598
25162
29454
18510
32246
14772
24161
21388
12481
2181
2889
6277
29625
11608
1932
10215
16898
13638
12510
16427
27299
8077
26996
28253
15412
4315
8852
11997
23669
12402
11977
9659
22645
1914
6718
30626
19560
27530
24264
7787
13544
29901
20977
13919
13609
16256
2464
26934
24272
13066
29438
4187
29744
32063
24893
32423
4993
13691
17067
8169
3847
15045
2265
8086
20960
308
3055
10399
30616
17113
22480
6708
26965
28654
800
17519
3652
6272
4745
8524
2981
5327
18537
31015
9333
9105
13532
32257
31061
29709
16284
11594
25645
24126
20458
9773
31466
10770
13711
25696
355
10276
4976
9942
16601
29962
8653
14920
585
3988
23771
11786
10154
7699
1788
18396
25123
31480
20682
2197
29036
3373
3675
6889
24674
634
7170
26790
29614
21560
21219
18968
8941
12198
28811
30284
12075
19164
13894
25498
20100
31519
19064
9089
31825
12451
12427
3764
25285
13326
1580
29056
4656
16381
3749
8103
8754
8802
22526
26020
9558
26503
28942
28565
12040
26365
4639
13284
23996
5646
7201
20468
21899
11486
13412
9475
31411
13717
28932
26856
5691
5498
3206
25196
21812
19737
23451
14866
5481
13269
3830
23664
23849
16047
3481
25269
25776
426
20604
9840
11041
9077
27412
28814
13574
19166
25261
29666
8747
26705
22684
9093
5291
9250
18792
770
30972
29053
28195
19944
22139
25702
7826
2436
18579
18033
11590
20669
26740
6809
26884
6771
5154
21048
31683
16447
10025
13309
10818
2543
13642
4846
31991
16651
17318
24330
9404
26006
4522
22726
27476
23548
15535
5254
331
3635
27936
4285
4778
2941
26007
23360
26273
27113
28314
29213
26456
22033
3890
18679
32684
9533
26849
11573
6792
27072
31298
4656
11855
19792
18643
18054
15061
9068
16503
272
29706
16001
14535
6157
3185
32060
28213
1756
1862
11615
23653
31773
4606
18275
14430
22443
13735
3832
23961
5174
6394
25724
16928
20724
18660
474
11288
5289
31682
7478
29601
28364
16398
2498
17620
26525
11851
26072
18978
4615
7170
20042
426
30354
3405
30805
7790
19050
8837
31342
21749
8574
1961
8157
32329
10905
20971
21821
13901
10839
22712
21017
3107
27598
10932
12768
3900
26597
27938
29105
7911
26779
16214
12890
14840
24849
23348
16986
14783
20314
23455
18523
27909
8340
22098
17021
7538
13417
28837
564
17633
5718
9256
24133
3270
17921
4158
330
14126
14024
6804
4134
21803
8097
1349
5949
23175
31510
27297
4783
12278
29774
15228
34
29040
3058
26294
24765
21448
12555
30116
6696
25511
10482
24407
27106
8016
15699
8467
9412
23648
9705
7430
1522
30516
32601
20250
26777
19023
17811
29686
20509
14488
11898
27532
22293
11389
17867
9488
19404
26068
29792
72
13827
7289
24189
2360
28339
26981
280
20162
24475
14721
25266
12073
18893
13460
4735
23492
18307
2287
17022
27189
20447
29277
17767
11811
4624
4038
13902
28383
10641
11701
26509
32168
18039
24867
30578
5180
4204
21261
1142
32359
19905
24814
25323
24866
11571
12008
6405
8289
17164
1520
30893
12375
13074
30460
15734
11189
976
31967
8788
27730
12364
27338
30521
32243
30299
28464
20149
19830
14918
1535
16102
9316
18190
30941
13324
10588
5692
26877
15810
9680
3820
22202
26552
7668
12014
19373
30172
19853
27356
8319
4623
16168
6024
1281
12212
32086
16593
5252
8852
24223
12837
19510
4410
12272
29930
25211
1435
11563
9066
4954
11723
578
17530
17549
16639
15015
13214
22511
18951
6990
18660
3056
21854
19523
21508
4219
12597
16738
10171
7617
845
29767
27712
31285
21337
12864
7876
24367
16985
5082
2345
6189
21803
13048
29633
5398
25646
5380
23461
17382
18793
14514
14741
1398
9731
6658
11643
1523
20827
19877
18460
18912
14264
18238
20944
12360
1405
3787
23795
1222
7960
27124
16906
14135
6987
22930
3614
26945
14917
5298
14288
18572
25118
14318
29612
17367
29339
23508
25600
27097
19841
21821
21956
21942
24415
30302
8133
29895
29849
5658
15091
21173
29027
23515
6587
21564
20245
7112
29908
17792
1025
29470
27873
25470
9640
23419
8566
1099
3528
26417
30731
13226
7756
4366
21684
30801
4663
30050
391
29080
20614
18581
14038
12038
17220
17243
18375
5416
13907
2066
32174
25265
29525
24420
12914
5985
8494
21601
13900
22347
6897
31463
32731
14360
20220
12811
7668
4575
26592
18546
20453
25888
15297
13888
10055
15545
17461
11827
7525
1070
8452
13159
21834
632
9133
20643
11405
2057
5890
13775
10506
26914
15541
17965
15809
26530
22859
354
28026
29634
25851
18971
15291
11706
12500
21739
15935
10006
10732
23884
13480
13372
22534
30614
14395
26289
3155
13243
28567
21030
31821
19679
31055
22571
2545
14666
15979
26960
15076
21924
11062
7043
24930
32359
12202
24797
21487
9334
20435
16036
3811
6339
16308
22147
22638
21892
22704
15961
21398
24142
23453
24416
20064
3473
11505
7940
27526
15171
19981
16677
8699
27568
2706
12614
6050
4646
8341
8279
23431
4970
19957
16988
22693
20242
26528
26693
8515
22440
23043
10661
16670
21556
14600
25051
30718
28325
5019
21703
4276
19740
32236
8468
12662
18629
10709
7904
8942
19073
4728
6281
28221
292
9237
31137
20275
17692
27163
6588
15903
29457
6173
10301
31930
18984
13802
16170
1599
15201
3843
17469
13392
10178
19467
6189
18063
30132
13130
24660
12206
21117
18686
9455
1161
31032
2361
11629
21869
31751
20230
12097
30206
10766
14617
22384
13185
32000
13592
31488
22898
28159
13705
20619
29239
31554
15945
25328
11020
14085
11665
17239
13819
29974
5104
3350
23081
30835
29548
27366
16284
19458
12743
12238
4280
19844
11263
31190
26377
13385
12075
13265
1799
28041
21639
10336
17056
8231
2711
18436
14504
18582
6393
6675
29153
8818
1234
2099
1839
22522
29350
2988
29984
10856
8268
31796
17084
22257
7579
26850
24834
862
5813
24689
17562
24291
9211
21740
31723
14067
5543
17178
7417
20656
32423
7883
10569
5584
13162
8949
8301
2418
11032
19430
8505
20567
2038
19330
382
32270
26447
32502
19733
19174
18982
16660
12215
18208
18274
235
17766
21042
32687
30591
29200
2865
29737
24358
21033
6405
7884
2907
14968
21349
6675
3288
24255
29835
2983
626
6317
4869
13563
28085
17212
19472
19051
25710
7280
6707
7530
13589
7559
6326
28807
19282
30003
5781
9573
12981
8004
16259
13338
8685
28718
6060
18448
16624
23765
25614
837
11568
20264
3242
1593
18291
31167
6211
30001
9359
13043
29070
25197
28301
1131
18112
4477
10140
31070
17493
23428
21105
31417
7956
2720
17490
27056
13828
27328
3308
2356
25761
8366
15707
22335
7729
21968
22084
7234
25293
1406
19963
6851
10872
22370
1826
30431
22166
8110
31522
32614
14707
19794
20937
90
18103
17919
27592
14791
23112
27388
26551
19548
11493
869
31137
21261
5609
12314
8263
14502
18942
914
28520
6220
17657
19765
4260
9162
11767
20441
22959
10058
29571
14544
4274
12036
28635
13989
11483
1246
5199
2729
31229
4488
10606
11316
8000
17586
13846
3805
3327
25706
31800
32565
1473
650
29487
10531
28206
4463
8647
13831
14531
6206
17314
29247
5697
11181
5627
12143
18998
19482
16564
4971
29869
6255
10716
17303
6480
4890
14424
14692
4939
11023
3180
2024
19473
29734
4021
23510
24070
5958
12405
30186
32168
21306
5102
2561
32270
32264
17432
7934
22526
26404
30825
14377
18520
11755
23312
4466
1452
31245
3217
16643
24485
30076
11587
9033
10194
21544
15315
20480
26610
31494
29454
22540
3290
25835
13899
2944
10634
12213
14654
10964
19758
2929
22520
30545
26752
18540
20326
20116
26545
20429
8180
21440
3392
29479
2610
28797
13371
19882
23003
23746
29533
24585
4824
12564
16442
12025
30845
5005
13242
2130
30716
21000
6326
3417
2036
14298
32747
17640
2323
25065
3701
14547
10301
20142
10269
8748
5948
28507
25754
21773
27445
28512
7109
17616
22804
13046
25491
32217
18136
10482
25874
15940
26813
28677
24659
5626
29850
24907
5268
11770
10818
3126
13163
20932
15992
15993
7298
22115
11354
27341
22772
12903
15463
16478
1851
22237
611
20758
11486
20793
2563
1159
27134
14968
22411
5399
18782
30399
5412
7829
30308
23897
15519
27741
23141
15313
9295
26662
9049
25234
25447
4043
29680
5179
27441
5848
23549
23397
27717
11733
13326
14107
32162
14407
23732
21722
17291
6831
3099
19650
26322
27334
7239
7095
19039
24722
17703
3420
14123
1743
4858
24237
23742
26915
14796
9084
21372
2479
24387
25806
5747
23100
16162
28730
7228
10531
17411
18978
2630
12432
24171
32057
12237
26140
29781
5981
6088
20187
13677
13757
8252
17723
18442
5457
32076
2341
26071
6521
27011
14611
4592
12361
6646
31416
25078
3083
26497
1303
27054
11567
31325
7025
19390
18889
13143
19929
28543
15090
1083
24303
20287
12592
26338
7570
30473
12002
5889
30428
28856
27843
9042
1748
24381
21859
28685
2050
18277
25700
7286
6864
1932
32390
20002
21285
24752
20189
5303
5331
22101
28926
27841
11317
26729
145
25901
8276
5191
26600
24015
27584
13765
16758
26987
11071
30210
215
22086
15945
27042
13217
4594
16870
313
23788
10286
284
27529
8422
29013
5287
5785
17772
28768
12297
21784
18927
31863
1651
348
16614
17674
15584
11080
17037
14978
26241
14389
18915
30320
27926
17563
21233
26290
25704
4170
32144
12188
19529
817
14408
7431
18767
6220
22112
17895
24578
16090
1926
5369
29907
28375
31467
32576
30966
4886
18773
32081
1065
15076
22761
26492
8727
8306
15484
8982
11711
4884
6148
12974
20436
353
9676
12308
7475
5308
31812
27114
11114
29260
27147
939
24703
15973
27554
25348
16636
29014
22967
32671
23150
27593
24587
1777
22686
28487
23157
30631
32431
17885
24040
20832
152
13085
27063
4227
3341
27153
2715
19217
30501
9927
32485
537
25056
19119
11261
31
7431
28607
9659
8225
31184
949
31294
5266
6653
16901
1060
30638
11
2797
22315
29355
18857
1126
27508
11572
17863
6657
23673
16591
4011
25592
13312
28851
8733
17006
22737
10013
29963
18005
12301
14180
5725
22316
11904
30570
2407
20837
30865
10500
1211
9024
27616
17204
6867
19264
31054
5078
20383
3189
1469
23068
26740
21683
20235
1589
16023
17819
30894
31082
13859
18343
23398
1559
250
21138
1801
4017
18042
12888
24861
24614
25797
20566
19513
19562
32751
9879
9779
26172
6246
27704
3170
31685
32551
6526
19700
12075
15221
1000
11348
28431
21811
2762
31667
13965
6479
15596
25245
24410
10304
16451
29952
53
18944
24733
7591
18604
13820
18251
9116
27217
32534
11576
29869
11908
26689
11016
7295
30718
31376
14839
11982
2198
17450
19598
2928
28722
6414
5646
30013
10738
2284
18101
12620
9619
22498
29173
19545
1356
20415
13901
757
22269
9338
20999
22825
19991
31841
19310
10202
6733
21448
30966
29738
12976
23251
28799
17490
2668
22358
24547
13478
10057
23445
17441
24304
1647
6411
12052
21061
22131
15883
287
20396
11715
29014
18216
8504
3862
11415
7774
27371
6252
29507
24274
24539
20111
11715
3297
6140
20574
23044
25676
17042
10716
18880
5084
3997
4538
31683
24567
21653
3770
24074
31312
14588
17479
5058
11569
31814
1139
16054
10667
21511
7716
20215
20873
6257
23476
5522
9811
12775
17770
27355
29076
27258
7516
7281
31165
28086
24205
7704
22011
26141
6109
18508
32615
621
19850
15212
27206
16864
27778
27989
1001
23964
15549
13193
52
27929
15286
13648
6197
23567
5173
17979
20716
24949
22049
15167
25124
13505
8419
13253
21637
8135
18149
30536
12627
18128
1436
24622
30073
2064
29661
15067
16345
31239
30849
28593
3150
27714
7247
10054
29890
8284
30847
5902
20730
29061
28098
2020
13218
24417
32481
1119
170
20416
29389
8121
15173
15063
3871
24138
28498
206
22797
2910
26655
26422
3181
29169
6929
31219
30996
15260
15389
20291
26690
1615
18064
14011
25611
19832
8842
20689
21265
1595
16448
14265
28093
7921
751
19383
24976
21982
26895
32027
4940
31452
8706
27071
6721
20079
6309
8013
13731
8331
2620
10263
5586
16997
4438
25512
12206
2405
24963
24558
8953
10519
18618
23893
6748
5475
10843
31704
18839
1517
7856
24738
22311
21655
10791
26952
3975
431
12134
22024
10658
27254
28578
3038
22048
3492
16676
15724
6870
5766
17805
17763
7786
31556
16097
20353
20103
1770
735
7276
9957
12587
1274
31321
31083
26988
25179
22417
3268
18321
15715
18060
9196
26523
30501
17402
25943
29134
19051
20229
4197
5352
13691
21171
27981
26298
28222
11303
19456
11584
27684
27385
13228
31705
6036
4311
11747
6851
2541
13584
23122
24964
21863
30160
20431
23503
4800
7731
26442
23694
32154
13195
1111
2661
2467
24407
25757
3040
15856
27571
28378
18299
24491
1330
19293
18915
228
14714
9094
21696
7485
20432
1239
30615
27196
3813
28479
18007
11474
10902
2031
3156
32438
2642
14200
18269
20643
12647
27433
2134
24434
14641
26305
7120
30551
31338
21559
7575
16563
18302
8780
19552
28101
16411
20452
16274
8084
17560
31852
18463
31849
23111
8857
29154
18218
9575
8714
31438
6713
13328
13681
11256
19086
18056
15466
22598
1706
13201
11426
28150
21780
11109
2861
16530
28008
18393
13905
8420
32254
22599
10269
10423
8349
23866
7535
5482
28180
3883
28915
735
5741
1645
2827
585
11269
15658
8572
25004
3117
31548
9804
25316
7325
12011
27575
22124
23003
23530
4799
17387
31582
25999
4526
24753
11051
6068
12868
5120
19293
31721
2731
2936
1788
10767
16957
23015
25878
7921
27863
17223
29060
4658
20950
27280
19063
19612
12565
5712
2189
28990
8252
24794
10574
23477
28846
17357
30746
10262
15803
209
16143
9716
18056
10986
32360
4532
23015
31805
2622
29141
30479
4512
9469
27539
12981
3987
11512
3817
29055
22149
27727
24583
4198
19168
20367
20185
8317
1284
20662
24003
12903
13418
20334
28169
13188
24009
21396
7103
12035
12081
26025
25641
20665
18555
15950
8851
3223
13762
27970
18630
23897
14432
17071
6765
5462
31093
2739
31068
13771
19585
27184
244
12809
1221
22821
6610
12265
6092
24276
28658
7208
3062
19126
7544
13221
10439
20029
14396
30966
7012
29151
6277
25672
18603
21211
24946
12319
30847
4652
4025
26205
681
24767
17676
10111
5506
3459
16644
9287
23044
20638
28012
23832
25241
17730
10670
2888
23138
318
13858
12034
11741
4399
12445
14417
25662
20868
25006
32262
18831
2164
2190
18227
32220
7436
8386
11208
29237
7866
19798
674
24278
25744
17494
3571
1492
21768
14495
25636
8288
10942
17860
22637
4899
28426
10578
1201
1534
8556
17099
11708
8088
21795
366
25945
28449
27104
2869
26246
26607
32541
28853
4952
3396
257
2337
2047
9416
25602
27290
12064
2765
7196
1509
8374
9404
21531
26332
12474
12900
30486
20850
7595
26896
12736
15123
640
10818
24395
16723
26456
17479
8870
17391
9450
13445
17765
30634
30396
28856
22239
29891
18541
10531
20887
5874
1429
196
26190
10262
30215
25310
24043
4609
13302
24469
21619
30837
25031
1241
32088
16133
910
30062
18532
11233
20833
23634
12905
10355
16745
28460
12734
20612
15615
11391
19287
19401
11065
14570
3592
14790
30794
22212
24316
32178
17262
7207
32729
13873
23510
25625
22788
20108
23493
4897
6545
12688
1145
18315
906
23104
15191
27208
13647
2575
362
24376
1076
11813
13133
8578
28065
2083
24392
1871
22512
30695
32320
16882
31983
24333
27254
2116
24198
25013
25296
25823
29662
2747
4529
3974
18845
30710
30507
24906
25687
9455
29867
8419
17306
28775
3328
14303
12570
15506
6143
28128
12769
19935
2632
10478
17336
32118
701
29897
23951
25603
16285
26097
16634
23870
6769
11504
17700
26077
18871
11617
25018
4034
6112
1824
20598
9069
28489
9676
11982
1428
25809
868
22292
1378
3252
32486
21067
24877
1845
21714
20205
18564
30661
14809
31660
30214
17065
26013
14076
26352
9177
3995
14964
8626
21576
19747
29509
25933
12503
2366
18063
25381
8800
29398
16477
17468
22755
21165
982
30908
2690
27145
30174
27624
2140
27263
20861
8938
26676
24836
31110
26097
29163
13163
18724
2595
15789
23060
2679
10711
27108
11423
10847
22963
30589
13138
29425
12693
12526
5294
23249
26363
6883
12558
10487
8443
21786
14595
9075
27372
16816
11030
12807
30270
29313
30909
311
21681
28990
16637
12604
27483
9258
23106
13117
2033
26053
2565
25907
3050
20145
31556
21968
30006
22483
30523
21718
28007
9708
20777
5620
28846
15127
26956
1903
4700
32668
32298
3356
25746
26710
942
14327
26829
7668
12183
28836
19591
15740
10818
29200
77
27154
26289
6476
31131
23473
20305
27512
11173
7293
21816
21149
21472
7308
25697
9577
13516
23568
11867
26754
22502
32390
14108
16928
22225
15077
18757
26992
14682
17530
19017
9782
25804
8453
23393
22340
14734
23338
23154
29963
12392
9053
24361
7885
15458
25710
7221
2704
6428
12577
7438
1684
3470
4208
11690
4317
15407
14739
31234
18978
5384
31579
6003
13830
24930
6568
3964
16736
4911
9276
27728
14164
32397
26567
22521
20214
14814
24322
9709
583
6756
22873
5253
10969
6195
21197
12330
17362
7397
4115
24937
19587
14374
30665
12291
15853
10049
22950
20367
27279
32232
11443
8819
22039
15130
26369
1809
7737
26610
18044
8783
6918
24104
9106
29186
25818
19188
32552
17812
6050
9565
9203
16985
2727
5245
15244
28876
32659
6623
5047
25164
6072
14126
27226
25329
22549
31922
3423
1969
1258
21721
4606
26979
27293
30459
152
7765
6751
27924
28299
3443
32554
22706
18387
32057
23656
21276
32487
1255
5891
32532
4128
18029
19778
22176
12331
22934
17756
14065
7484
20638
13821
7056
3454
19487
6007
6571
17673
23248
7720
2311
21441
24534
24357
13985
17598
6762
12553
430
21400
13686
29423
22118
18013
14874
14981
8685
3506
9443
22800
11148
1575
10463
31455
23186
22628
4969
650
18498
6234
22411
29339
8300
15037
22142
6357
1179
5614
28732
12731
31738
812
28038
21
3168
9824
10411
4413
29098
22638
23808
26421
28877
19796
20941
7101
11685
14653
5482
8055
17591
31391
3211
56
2661
8018
387
20278
1099
25018
14154
6350
8654
26130
13206
28663
28313
2715
26114
16649
18104
30409
8470
14844
26259
23965
32718
28100
25490
15685
7636
24052
27072
23331
1712
7800
3155
22527
26306
2152
760
27528
23206
26149
11080
11012
7859
11959
12176
9061
30053
20744
31693
30720
2035
5575
15677
3673
5549
20375
25503
4169
12232
32403
28349
22177
6383
30205
24460
1967
854
12501
11395
29079
30262
25485
27216
25058
29335
8545
8303
3826
14973
27034
11537
25821
7217
29380
18364
2023
25771
20618
19209
17041
24984
31664
26530
30672
14453
4162
4564
2476
12763
23853
21289
27059
563
8539
27674
16965
91
5687
8328
30304
15309
19023
7140
7339
20369
20782
10487
9555
416
24579
32241
29952
30154
10553
31072
11566
23689
26486
6517
23836
25866
10399
5396
30882
21688
6403
7479
9215
21022
28868
5350
2383
12385
23684
2066
22575
1591
2707
18137
27882
3355
9343
12947
37
8438
31481
5457
9963
10977
14456
21408
25240
32149
26112
17280
9476
16839
29267
10648
19261
15611
3378
28388
17751
2174
4214
26364
17231
10735
8572
5454
13801
3456
21900
2072
5277
32736
27858
30560
27498
1037
11365
21416
25421
5001
11678
4047
3082
1455
12280
31651
5492
7708
27848
22445
14314
3509
27751
29269
14804
8749
25398
2963
5256
2176
16487
12835
7267
22096
18783
10205
23789
2591
15015
12205
15742
17636
26247
23877
4776
22528
9821
21722
30025
14886
5427
31282
9664
26695
4170
29043
22462
1993
18642
22462
11578
21699
22243
30912
9992
1948
6188
6385
2730
13145
6603
24602
29491
9816
27065
29983
27415
17628
22660
32716
21586
4420
13483
25963
25436
27774
29103
11258
13355
6076
22095
26119
3395
20087
3980
17353
27749
6782
18377
469
1254
12951
23729
31432
8206
9383
22125
9655
17978
3771
8863
9687
22831
20930
15236
24146
24229
15434
15744
8867
31971
17011
5454
16804
9222
1673
13030
10900
25957
22793
24890
23618
11494
25319
16380
17991
31374
11098
12553
19077
5979
25842
20371
16741
21526
5812
5436
6716
30020
21751
20655
12722
16635
23648
21865
7291
27145
9369
22487
25781
15883
20643
2030
9972
24916
2911
13630
3650
20225
20051
25049
10051
20600
6130
13899
562
11091
26190
19250
30374
15470
1472
1115
8799
17020
27247
7936
30993
20814
31616
10972
22168
19247
31727
3777
14225
9489
450
31030
27337
24016
12991
7866
24556
14455
15940
3983
31602
15033
28322
21018
14043
4576
12025
2159
14585
3513
761
12949
5156
28216
18265
12620
4558
1685
17383
1750
30981
29537
3041
32298
4051
32442
32582
1747
5600
24912
20671
24164
13588
24452
130
29808
4760
20435
19752
7550
21960
26107
194
20593
12832
3981
5613
9430
2141
18953
8649
19554
26821
7753
28444
12925
17668
7229
9772
9465
22998
1240
6205
29804
26379
6364
16362
21888
20016
20344
23749
16410
5909
8249
12455
13245
26462
27063
5434
21133
23911
10648
30151
7490
28937
14555
16465
5511
28778
26043
27778
2013
22195
5986
11947
6886
30038
25623
17028
29573
19522
12722
12487
27358
7864
20949
8284
6002
21151
25960
16605
3375
4877
23123
7667
26732
18582
4960
14209
2568
8174
32764
31394
8680
17990
11337
29382
22034
28555
15725
27870
28989
25361
6254
26782
32704
21154
3301
14453
16791
10585
19426
7842
8265
20905
13001
22072
5708
32510
30377
3401
18649
21431
15815
31592
10437
9567
12368
2198
15681
12516
22264
18566
22941
353
14720
6480
31535
31965
12167
28797
16994
14630
28560
22909
23125
10808
19837
21912
28973
31766
17192
12766
31413
11846
967
4142
16612
27311
13919
16912
18719
16912
25461
8191
12259
25755
7421
18550
29108
28932
18118
5082
22021
1745
8457
27863
19795
2599
3537
14468
31298
17151
13401
23518
27459
3337
886
15684
16650
1520
28941
7980
15954
4699
19291
27626
31890
4463
4694
29446
17793
18228
14883
28038
922
10501
16283
468
9134
10177
185
8428
27980
12848
7550
28449
7502
27623
10203
17491
21782
19276
9194
32165
1554
13124
29774
18535
1615
21668
30413
9935
509
8121
21785
25131
4409
21441
22105
6947
19661
18971
14201
1919
17945
15829
5243
9532
9627
6426
1411
3076
1207
12316
5723
26269
25474
3897
4739
29790
22536
12693
26128
17408
24542
7589
19202
10538
13938
6739
16657
24659
2511
3980
13836
30724
27380
20739
21117
7602
7384
25343
2895
28576
30764
13077
14284
13982
30874
31524
5012
4058
31917
16985
7849
27465
4846
21814
27054
19599
19266
573
1809
10274
32239
32719
7705
11293
22278
21078
7224
12712
18602
19529
19999
3075
9150
4042
10245
3045
10175
6974
2773
25163
24831
10190
21160
15341
26561
17943
11120
24700
4965
32707
23694
7321
5959
15158
23471
29282
11209
11353
5476
29972
7852
13773
9862
26713
22993
22667
16424
12089
20674
5170
24934
8011
12165
31954
20953
7653
9592
8613
26288
12133
5561
12730
16504
9357
20732
26439
4079
15312
23802
17495
21089
4220
18110
30001
1534
30049
28101
14291
2285
4975
4175
20197
20234
19613
3882
9261
7518
3098
701
28532
13885
30757
21092
11260
25196
8615
30502
25461
7707
1008
6656
9667
22989
16166
2054
28060
21085
31845
44
19660
32367
10877
4710
1113
10207
13795
20797
6908
16521
6917
3734
11892
30000
21842
13654
9313
27419
20940
14997
18311
10873
11804
13552
14321
15631
14418
15653
22767
14622
31890
30725
5279
31038
1567
25697
22236
12477
29791
8191
8941
31132
6711
18045
30991
32407
29153
111
30642
32655
16653
21014
18823
25734
13805
5912
20461
30287
25470
29912
13253
20857
27762
16097
26243
21033
1358
27525
9411
4571
28109
17198
11678
1321
23456
6692
15244
3847
13517
3405
27494
2781
23483
3162
30521
29511
30005
30027
17443
3320
10518
31937
29599
3221
4623
8639
3370
23306
31004
13118
21159
28944
4037
30063
28628
19363
18039
13140
27580
2697
16922
24111
8199
22422
26307
6945
6598
19410
31518
4985
8107
16575
28301
1842
29898
5353
25241
23378
1665
936
3255
19982
11211
12575
10390
19651
6119
30236
12140
5102
3609
10377
20721
3859
19539
4447
32212
3377
11947
25745
31612
17279
20635
8893
11282
30261
5018
6367
5596
13243
23130
25481
20548
9846
7103
10359
20896
5172
1482
15204
14714
103
6892
7112
8756
9307
21730
17688
15634
3137
2818
17509
20760
2585
2204
23984
27894
9117
22103
27659
1009
20116
6140
13189
6691
28964
4856
27105
28356
18104
29206
15656
13751
6255
19195
9793
8694
19046
8448
15009
16147
9267
10338
30920
18233
10882
21890
23135
7526
19658
8138
14121
2835
17086
21610
15427
4640
4770
21481
1129
4544
675
9681
16417
22353
12718
21950
11816
21217
23110
24965
6389
14229
12440
23141
12146
6114
11624
10584
22708
9421
8634
31558
29011
6038
2566
15883
25719
32244
8758
6501
24546
30540
13324
13865
31574
30966
3731
32610
32017
26662
11261
9289
28589
32138
759
22317
19571
12670
21304
14426
18064
10626
15820
20151
2887
3402
12704
1958
15980
23684
29855
469
23816
27818
13446
32022
25501
26395
17521
28615
31069
370
26388
3968
14117
27577
31431
10409
11458
3987
14897
9298
3976
13076
27556
25969
2294
30158
21457
20563
3202
26734
17765
1631
1111
30223
3974
15336
3462
32224
1649
30467
8847
6553
11502
23443
15573
21058
8594
9331
13861
22017
31806
1725
8981
26345
23509
2243
28480
1769
24570
20623
26702
4632
7315
12728
11061
9393
6399
12971
11104
25148
4116
12123
5191
26934
4149
12961
1350
23172
4175
20874
15815
4253
18968
6220
20473
4954
6149
5746
6845
7655
11293
19636
30656
7905
24584
19593
17541
3206
15274
6735
23633
20472
20438
6502
5068
15835
12636
19342
896
27786
1965
4015
15578
15365
6171
15687
5198
18897
16778
26361
29512
10553
525
11098
16693
8513
14103
22774
4873
19888
6300
14687
13315
26927
18257
21008
18542
18185
21161
23964
12258
16702
2428
14872
32679
23993
16797
17274
13972
18659
17483
20004
23775
27314
24478
9806
2229
20359
21977
17323
12250
8665
20875
6295
992
6597
27010
31944
26261
25628
8583
14028
4739
26475
22721
30939
6654
1555
30161
7437
30750
3108
14889
27027
18715
11679
8738
6006
18905
98
11279
12093
25407
21078
12282
27502
4164
366
29862
27683
6135
1672
24739
31969
16564
5942
1479
21897
7703
3853
12983
10066
9859
30929
27286
21586
4156
30394
17001
12014
3190
11803
29085
5797
16716
30821
25885
3432
23550
16783
15207
8377
30248
20699
3152
6251
12605
11411
10266
29519
24066
30755
18705
397
20832
1447
21796
20735
10229
18891
18760
21566
27960
12375
16452
22179
2263
4576
5656
10647
32340
17406
24539
17819
26356
8384
7575
9406
28344
11332
16584
14911
7398
26119
3206
26254
32635
31558
23926
1737
30670
12121
2494
15114
15290
21915
21625
27566
10729
14264
19093
14720
2509
3268
13995
5702
32052
30658
31476
21346
26027
32317
26219
14511
5580
17533
3802
3840
21016
24649
5575
32029
11668
27247
17372
20174
20376
2593
14411
27586
16381
14344
15333
19327
15778
29501
21461
27719
24473
21484
27503
32400
14850
26637
22380
12872
22164
13574
21621
23563
26341
241
30481
11490
17745
18864
27138
17013
17101
9151
1834
24579
9501
14293
11637
30086
24429
10290
10111
14920
23797
777
28545
1827
13193
26728
5642
2033
5984
9942
11264
20087
3844
31001
4313
19039
23821
6059
4970
9037
12332
16604
12381
16878
3098
197
8763
29611
7617
7316
28504
9149
20148
14225
5596
8851
28121
17212
10691
19529
3368
19104
23649
27797
18350
7337
13265
1955
3073
18993
3015
16663
26748
25557
21958
26655
23912
4304
1563
25512
11734
21275
5937
14983
12557
25534
28343
19054
8606
17304
17583
22386
3467
10810
23264
16957
24660
15503
22749
20718
22762
9537
29043
28759
27515
23002
12479
30149
32311
26618
25809
24539
16672
22900
30948
19871
9330
29441
306
9895
10513
7007
5220
25797
18191
13895
30674
14437
11275
16954
3884
7355
28884
29682
11607
22229
20614
14053
8529
29852
16911
1750
1812
20960
24467
25045
29934
13938
4076
28935
1903
12156
30539
6160
17053
28249
5821
21718
23377
21122
22649
5265
27308
19380
17241
16821
26392
32312
20403
2578
12069
22440
29028
24892
18315
8476
18646
5803
23710
5655
17524
23628
4964
6011
18354
32722
29939
4015
19586
28783
9080
11327
5882
1079
20683
24397
19211
27304
20299
24213
5699
15846
26932
25894
17334
29452
14589
30311
1382
10884
29694
21030
25221
11274
22582
28476
25560
10287
24490
18364
2876
13523
17306
16882
1201
7854
15851
12863
31300
5385
1259
7784
22848
13465
19490
31531
24241
20613
28982
7493
16174
29347
22900
26751
3999
18325
17948
26420
8318
15818
8900
5011
15489
30381
22758
629
23022
16315
16496
14090
8236
21881
3259
20111
10804
20162
25103
19179
8142
19746
10601
21031
11690
8409
5098
4349
23463
28850
21566
18368
15393
19537
25755
31985
13408
18443
24507
8633
6973
20338
26648
6798
5085
19845
29843
28331
13453
20006
11627
32698
14331
19807
22446
26730
8061
31698
17106
10225
24186
11341
31718
30713
11586
32414
29377
24480
13563
26586
22509
2658
25276
24907
13295
7500
8701
30383
31152
20428
29177
19529
27579
22713
6374
17301
8138
14146
23401
1951
22607
20200
5298
21687
27085
8090
28482
27420
5223
8968
36
17054
17074
25917
12666
16816
5857
8967
11941
30192
921
19749
25289
6009
3251
20609
19720
21440
4394
2649
24276
24320
32611
16980
19641
13332
8877
15231
8416
25625
24422
16690
30240
24602
30378
5152
23237
30381
4776
22899
12184
16797
21815
9926
18404
30610
8337
13040
24854
1534
7934
26403
17223
30722
25235
15501
26302
32079
29228
10704
18855
8719
18483
3680
20106
20974
26637
13717
1519
10768
6973
25642
9102
20865
31366
9753
13914
27569
22631
26830
22063
19262
221
20636
23114
16688
16561
22247
24115
3753
5546
25920
26254
4988
21010
13528
27443
25066
25097
16713
23291
11028
18063
26638
2189
28653
26404
5180
1061
8474
27027
27991
31020
24758
3273
7706
17622
29522
7438
8096
18042
8568
19990
10246
14740
18520
18714
32418
15949
16896
19415
18209
2083
24292
20507
8039
19809
22097
29561
19058
10043
7433
19650
25859
22005
28329
8859
56
31819
23554
3647
21613
26276
22741
7600
16189
15987
1973
7464
18674
6417
14609
8879
14685
14869
18623
9823
19060
8808
23549
18457
1095
4350
14064
24092
5594
7184
24681
12328
17644
26475
18907
23403
27548
88
19860
28375
9531
616
31399
2361
4202
19533
4917
880
16237
9886
346
28889
20244
18530
17151
5096
28392
18337
23505
11798
15905
31726
411
28479
7016
25300
27663
25427
7382
20256
26064
31800
19427
20551
28521
5600
23637
641
4410
12523
13953
32629
4751
28393
6547
3728
19942
22617
23918
7114
32033
10202
5905
30114
3127
30352
2968
22621
31844
15715
20753
18315
13792
7073
3926
2692
29643
11134
29783
11082
10442
26514
20093
29348
6658
7962
2773
14169
19702
24746
28048
6683
26585
22867
23923
20892
30552
28854
26994
29755
1340
16673
30779
1585
10260
30608
18794
28622
19879
13194
18285
26033
24185
2127
11187
1982
29129
25999
18638
20388
17042
13392
29816
12632
7169
16354
12061
18553
8401
7027
12637
1073
16915
32600
27695
3876
10912
4466
26381
16418
705
28398
23482
14100
14251
25415
20200
25202
23802
21745
11675
8669
27656
13155
13746
16167
10643
1863
28367
5399
12324
17797
16775
16754
25571
29460
26085
22128
21762
1009
30617
28527
29715
5740
16570
6983
720
9907
21775
31367
19230
13225
7734
3482
7604
10159
3985
14823
932
9219
27150
17611
107
11412
25862
7861
3818
9427
9096
26085
19891
17140
13002
1525
19906
11920
29461
4145
2266
18521
25583
27340
3554
2735
5396
23614
409
3151
17765
6241
18257
22401
26740
16118
3801
21542
10567
31522
10142
1092
12443
4866
30917
21922
5012
28380
26398
31183
17259
25577
22949
8130
7991
25051
30830
7041
19566
20768
13665
2248
16227
7977
18338
3101
17489
23159
18801
21480
14862
4619
15806
11971
14782
3062
21058
31878
20406
28553
13568
20969
9341
13862
11474
9780
10521
26602
15673
5192
1605
21078
7835
3460
22492
15615
8526
10207
15749
7068
14240
10994
31555
684
30703
7288
8644
21166
11044
27143
8418
31664
1422
23157
28207
2922
27234
31082
16977
1943
28664
7641
14983
6186
3850
3852
26048
8485
4717
27991
10678
802
22576
24620
5766
29866
20733
19671
26872
54
1727
2449
12543
21401
29303
756
546
16651
27775
6416
3080
8283
23662
24719
2710
14007
25724
8623
10070
10273
15222
26496
1442
20157
29813
19872
18840
10475
28007
1601
10813
7224
18798
2980
28373
27414
6329
13096
17666
14787
15596
16634
3297
11618
13322
6178
296
31491
16849
16260
12595
18759
3717
31286
93
29870
19985
23877
28882
28416
31928
9701
5573
29124
6117
20316
12436
20559
31493
2587
32766
11574
27811
17425
20045
21242
14149
9173
9786
20457
29942
25290
31143
28008
32615
32241
3464
29034
27183
29951
7350
12339
25880
18324
21578
20130
4349
3715
25915
7508
10173
32666
23468
4818
19007
30446
1696
12497
32566
21675
25480
31245
881
2200
13996
5128
10201
11092
22531
17073
13036
20907
23746
18303
31903
22982
375
22609
19075
31184
803
12225
24002
4863
14312
28917
8543
2754
30287
23270
14751
2175
28738
7769
1324
6721
21675
11717
3593
7303
2177
200
30498
23233
24325
30319
5291
4664
22212
26225
9202
276
28514
14775
18825
31609
30469
1874
13181
29161
6696
24142
25447
1862
5795
24078
592
32542
15426
19646
3324
30872
27643
24424
11314
2602
22559
31840
14010
2719
20365
21285
10159
3800
7176
31791
7165
3443
360
30899
27860
32069
17113
15106
7544
21584
25095
29517
659
15880
15501
477
31784
20946
29591
21301
30448
5108
11073
17232
21173
32150
1922
30809
8677
17242
27072
20771
1377
25746
27875
19822
4988
15280
19516
3387
19782
22291
17168
20970
4622
23296
29630
28291
2420
12387
24510
19416
22836
173
28224
22092
12003
20587
11771
20370
2909
5450
19802
28541
13238
11548
10237
2026
17583
27733
17601
30974
3492
5951
27284
10037
11296
9274
3501
30339
6497
22090
20762
10604
3282
23383
15910
21142
12499
29948
1084
8942
20150
11138
7302
8994
18540
15485
14533
16149
7413
21945
4679
32612
9552
10554
24455
21491
2112
24189
2372
21382
2295
6198
1870
12488
17014
21008
8437
23037
9334
32729
9155
2617
13832
27075
11807
31547
25026
15836
23915
11768
1252
11910
3196
16699
13223
19052
9361
13202
26641
15397
23135
7102
1194
15635
26988
29148
11892
27778
20597
19181
5358
11243
30139
23658
27470
28504
12350
19696
21474
16396
26330
4119
25664
19481
8291
28646
27507
19539
25844
4052
19185
21376
571
6234
24812
15848
32307
26217
31961
10121
16867
12507
4230
30084
22889
10495
6035
22915
21561
28925
9483
6973
26500
17522
21226
1940
15387
9208
9820
27881
13889
2963
5547
16166
28534
13705
14594
13499
521
16442
13327
29171
3820
14073
14976
26612
17479
15339
18725
14177
28177
19520
5910
20581
7966
30491
17711
13295
19640
24191
8544
20098
22720
17776
16382
19067
28437
26786
32189
11198
240
7195
23576
18949
4709
18449
822
28532
11894
30878
20813
9873
14077
22993
25248
14060
17580
30949
15073
19174
24529
4739
3063
10598
5962
7160
30443
25249
15126
19731
16615
32306
11930
13101
26319
16116
16947
18668
6674
5955
24753
8094
31100
17372
9706
12479
836
26216
26739
26375
4049
29132
12774
8264
23888
19597
22003
17953
13277
234
11209
7239
5553
8182
1076
9865
32004
5654
1074
3215
3030
20057
22050
21058
6216
21837
14761
2224
5008
28281
2504
12135
9213
19527
1241
832
1283
2515
3887
24942
10688
355
10080
17217
8694
20947
11385
24913
15276
22490
15072
22458
32132
31338
17906
19887
21733
17893
17413
24315
24709
24635
23795
23954
21073
31755
22992
3876
15218
21488
13712
7758
6011
6271
19521
18642
26921
8825
20196
25231
20793
4238
32019
30501
14489
21430
31728
25380
29960
31808
25675
6341
16980
22194
19741
26564
13421
29135
2713
32125
8188
31457
24550
30252
29766
10068
766
8172
26373
10540
4347
26270
19127
26200
12548
11107
1061
21546
18643
18635
8558
31693
29083
6335
20648
32681
12887
3767
7927
7441
26859
11768
10751
12832
31558
14806
18653
20012
25271
28611
8932
18352
7847
28828
5305
32557
32412
14909
2128
32140
31485
11632
13976
23514
840
5221
451
25719
21774
3458
28034
29451
5792
5862
25547
20730
32439
11197
4566
9315
26950
29579
21587
10892
20841
24151
11590
22809
3416
15316
28830
18053
23423
2901
1846
6310
16846
19021
9880
32457
26767
4091
24094
7743
24470
6418
28998
15127
6422
30694
17686
14511
3734
10861
68
12372
6045
889
13168
15487
24335
3538
30530
9777
27537
4108
15157
15426
18127
102
16116
8483
5407
14746
14226
25321
16354
7914
19666
3877
27584
17676
15162
26370
24654
20391
4396
3421
5687
3128
15401
17920
20136
7572
31150
19787
30691
28450
21442
31918
16564
27448
27074
25288
17427
23261
7912
14318
10307
26
21744
30541
32627
24455
11592
23129
12214
5809
27432
8042
8747
28803
17690
12236
15103
25740
14440
26260
12442
27916
23384
8917
32183
8190
135
11044
32272
28873
10392
19248
16996
27053
30620
14634
6467
14462
23506
22373
23237
28341
12059
19388
14224
24607
6178
30208
5119
3058
31731
16005
7962
7360
3843
11733
5618
30499
16644
8235
28579
20499
18177
8210
5302
15400
8678
8379
23805
3840
24187
2800
15544
23845
16063
1406
6219
3245
14502
20385
1949
29684
18201
29076
15322
26313
18759
2644
6752
9285
17808
29933
31017
29674
15093
24914
24147
14644
3029
30630
28395
17552
25320
28135
27743
20926
15885
27359
472
18564
29840
17400
955
7918
21811
4078
29058
14323
17418
3429
8192
4288
18656
31847
26978
24602
23053
14352
20354
28816
10271
7355
25480
4466
31470
15526
24324
13191
28972
606
29301
26519
7069
30984
5722
30253
12146
8008
20636
23353
11979
7890
1905
11159
20395
3569
27874
8652
5092
27267
17948
31428
1812
22907
8193
18491
17257
21674
7981
32725
10490
29818
6087
11542
13438
23594
20137
16058
21875
11126
4198
21918
7628
23838
26798
14255
24538
7830
17662
6034
8755
17561
20436
166
13247
17673
28579
25385
11455
17430
14641
22474
14330
14930
3255
23387
20900
26215
11673
20235
2913
15959
32063
16213
3048
22618
13242
449
18862
29241
9267
9250
18537
388
11871
2330
7349
17213
26844
20811
21614
3939
19625
6934
23337
6454
18620
20526
11654
17670
9021
2211
4943
15608
22453
22656
17954
8406
26846
27676
21002
4008
27818
19439
28961
17006
15
25306
23936
10938
13135
9274
31437
16084
2713
25833
7645
22761
22463
17845
5985
5298
14263
2316
32245
28350
9529
23884
13963
7381
8130
1020
5662
10531
23866
12625
21831
19766
16024
5931
15940
26957
26194
13197
30575
10687
26711
19656
28874
3104
12871
30470
18048
16074
30068
8787
12007
17447
5268
5720
31428
3245
15373
2011
19135
18496
25148
1140
4489
28504
3424
14037
26611
5981
27519
8232
12954
23201
11194
29096
1626
10140
1305
27569
27960
14323
21729
8352
31964
1297
12668
22145
21080
15292
22155
20499
9538
8802
27555
12506
15325
12994
32163
28847
31438
674
26980
21882
19384
14640
9213
20261
3422
9863
10481
8463
4028
8576
6566
3908
19484
31388
9068
12098
6197
19894
28805
16463
15370
28531
2705
17981
971
16094
25598
24156
681
21944
10105
3079
14092
11085
25143
10558
13196
18888
29035
12105
32638
20075
22501
15583
23167
21463
21820
31487
13935
20108
401
26448
22195
11121
9086
14782
30373
29921
31405
30274
5992
20299
22007
2637
1095
29144
17195
22903
11867
29082
21470
20250
19589
14576
5596
15863
20560
26122
21478
19115
10576
31817
19612
17341
26298
23092
10686
31985
14208
14240
7015
13673
10338
29409
13247
18020
27617
3561
29596
11993
22891
11050
30844
17815
24210
19399
13374
3150
4335
31166
25338
18093
12915
8394
17386
17982
19909
29462
14949
24778
7125
23291
10422
28147
2397
24090
15670
20453
1268
18150
24920
2628
731
2791
505
14437
31417
12646
21171
1438
20293
21930
5229
14841
4910
24865
30114
31632
25173
30478
30316
12462
12383
24635
27111
16863
20314
10332
12519
8539
24619
12338
23625
26735
28354
8030
32036
19212
2638
9595
18935
10078
6518
13090
2319
29556
29824
6484
29693
31576
667
4682
21470
19264
31672
29424
3921
17264
31075
31381
3260
12057
11904
25854
31522
9779
29732
6494
5196
2551
27583
19163
8930
19700
11836
28550
26423
28980
10767
19518
7822
8666
10549
2095
1705
22098
9346
3056
22144
7651
16069
13219
13481
30628
15428
11455
20668
3650
6653
29335
21037
15042
21365
9989
30053
27986
10855
23613
13911
14791
14678
18283
31170
19454
20850
15037
21391
25831
3683
10697
28470
27463
4189
31168
16947
11484
14274
13430
19309
27473
8041
21932
8483
8212
15513
24784
13277
31872
21464
8790
29436
11288
2612
31963
7205
16819
27564
146
804
17951
10276
1220
26246
29854
17188
11636
18976
78
15370
24584
27772
17644
28271
24121
7152
25152
31839
32023
10466
12468
4309
20073
24153
19697
27736
8472
13719
32308
11824
30178
30848
23396
7202
32529
24869
23371
8728
26200
12785
28832
6937
14754
27718
29065
23934
7805
18266
27839
32311
30738
6726
1952
20987
21957
31513
15475
19797
5041
23596
978
25679
10946
20625
24751
8131
25598
20410
25554
9776
8669
16243
10230
6705
8823
17003
9118
4753
9520
9489
1173
24641
29022
21877
8758
15925
12064
5268
13862
682
1861
22725
11653
3283
4486
11944
11046
25135
9628
17546
30021
13352
15811
24955
29552
26128
12718
14712
7624
23255
4584
17619
31057
25825
4537
9251
13188
12270
29665
21298
1096
17914
19476
14953
20802
26581
23709
20088
12196
15537
13728
17124
9570
19360
5229
16557
21751
25587
4030
10133
15762
27748
8047
19348
6952
29973
26232
32658
1495
6143
6394
30623
9272
31487
5339
15303
3992
28007
10471
27114
11198
29681
29864
237
31744
2854
7355
24980
20893
17367
3475
27728
14160
4821
7612
8723
5182
12671
2740
25958
16634
3948
10781
29113
22978
23103
29439
31473
4383
3865
24830
27041
24672
26996
22614
11436
20888
30464
13529
15293
279
5471
19815
19607
32711
26124
16370
15071
12425
7285
22156
5023
24661
32109
5264
11262
21845
18611
4932
5167
12016
5968
18020
27201
24720
10203
14270
18026
6076
20805
13930
30148
17044
12052
19752
10044
28677
1917
12401
25881
25222
20656
4282
14593
31253
4460
19273
24076
1058
4948
6633
10558
13240
30731
11107
11139
18562
27384
22422
28919
6140
18114
28221
8575
22589
16086
3300
28055
25321
21236
15006
26682
29476
21774
2766
3215
1023
6467
10015
8084
24684
3008
9152
8933
32085
31342
25859
13690
4796
1134
21205
19388
20449
27222
16637
21425
2652
10734
31995
30456
5349
29316
20651
6242
28024
5529
9474
23707
769
16353
31773
27717
20769
28756
22047
19713
14016
10265
6090
31728
28139
4239
17313
13117
7740
9833
27208
16644
11820
25246
32375
15845
11027
6921
5037
26004
26852
24024
15605
5866
32145
25967
3976
22902
23307
26556
8186
29395
2491
4653
26193
1889
9845
30536
15473
11783
24631
27871
18631
2361
207
16399
10824
5737
1556
11649
4900
17271
17642
30132
10749
22520
2893
32613
29228
22624
10495
1503
5358
19685
20237
7431
25102
14296
20888
3987
5451
7237
5075
15731
29246
21294
7491
20230
14778
4895
5971
20749
25054
20338
27133
30980
159
29918
12241
30029
12188
11263
29633
16454
20964
26897
1326
6278
11205
20657
21808
28486
25464
24404
14220
20463
3553
14569
32705
5551
10470
12193
11196
1066
6163
2510
23080
32253
6435
20255
8855
32625
30871
14792
32512
22798
24423
4059
8847
28859
4437
1334
12598
28522
19769
1724
15008
3137
7840
23000
5366
24305
10276
1560
7211
27647
22761
26361
30113
12568
21092
16295
8202
2038
19952
19535
1995
21552
11604
30191
17275
25875
25045
6520
13032
19141
19832
9038
4137
30520
14988
17567
23598
26195
29307
176
22835
24831
16546
22226
12795
32619
21325
781
23185
4413
22290
4975
30766
13016
3529
18071
29058
14145
3696
31423
15996
28103
12868
9040
404
20964
3013
29624
20538
11747
9366
2249
20839
22527
19993
32766
9403
8185
18911
22273
7891
23702
7
982
22968
26336
1416
18724
29561
10088
12377
21754
30649
21520
30052
11073
30811
18744
9271
19108
31635
5037
17649
23361
12405
1012
7233
31050
7209
24427
8516
7236
15180
7296
17661
26882
17115
24778
792
16929
13115
31215
30114
24807
24853
24211
16163
8111
18357
20064
5375
11845
27322
786
19526
9402
19006
14472
7230
16511
31797
8326
29644
25546
30736
2965
2625
23907
15157
21690
11917
21729
698
3233
7967
16867
23096
19249
12224
9167
11306
14644
8703
11137
12777
20593
25578
18008
24766
6532
19564
27851
12497
5675
27849
15517
30189
12718
16937
14894
11189
12729
27074
20896
31038
31744
28113
26150
20922
11854
3450
32148
12447
8953
11416
13903
10662
21194
23637
26615
14271
29032
28394
30347
15670
18367
23452
6337
23737
31234
11515
9278
3055
187
11884
27182
5081
15691
10028
21362
32411
10170
16702
29677
777
28900
16340
13998
31569
3943
24853
14205
29123
17297
1050
1137
12340
22301
17451
28778
28806
1175
31233
5697
7107
14119
2255
168
17086
29521
24703
25813
6844
28213
27215
7532
19752
6326
3388
26337
25760
26082
24161
22008
10084
11948
21153
29163
4209
2002
28672
5608
21903
11165
26579
30951
12907
15180
3579
992
2518
27764
27126
14081
21364
30639
7553
15734
9107
11061
23827
13274
12275
2805
31887
19220
4425
734
32187
16783
21609
27311
3236
29981
18506
2259
24885
27793
19316
20959
3172
4242
31416
1170
6505
31133
18587
26300
16942
5219
9008
18526
15637
28307
11999
13105
25842
30104
25053
4775
10676
9203
11893
13122
20198
31681
25812
18416
4301
9669
11069
28110
32681
26831
31327
8483
16168
29725
12749
6256
30970
32373
20949
31480
26159
6162
19444
1152
29140
9916
14347
27991
8941
3901
31920
10289
24362
29519
32753
21286
30982
10704
19436
2217
8339
16259
26169
11916
10548
12070
31897
15510
15123
24288
19114
29753
32583
17657
29715
8849
24369
4903
28231
14459
14741
4522
13999
15598
23394
4962
18300
19990
4444
13349
32597
20050
4278
17535
4299
9119
15549
20867
223
27210
21443
13452
3436
14263
27092
4424
14671
9635
5537
14383
8781
4740
15591
6798
431
6382
22090
11950
22453
16426
16222
19768
6802
30422
4007
13388
7372
15845
6336
8308
12346
20448
31913
24598
32216
2113
31799
10640
15887
1771
17175
14810
12552
4942
2708
10960
24369
14624
2113
5643
16398
24434
16813
26093
14377
7874
31526
763
21365
26567
17032
5966
15591
26045
31010
13611
8625
9098
16385
5505
23284
1928
12911
17969
30569
13849
15715
27059
26545
8014
16558
26236
27873
20895
8698
14711
18583
28434
7173
12750
31283
23523
16756
10016
23442
829
8917
36
18723
18645
8859
9227
24981
5411
14418
13631
25638
310
14228
4375
3468
3097
18260
29185
16204
7664
11465
24580
24278
16777
18946
28839
8552
17151
31861
31504
3468
3070
28748
10083
26047
27070
18944
28098
4554
28350
12128
32633
7919
3375
12348
13154
558
9639
2513
14171
27633
13355
5039
19789
12241
28306
18663
14141
7671
27495
14844
23857
24524
32737
4600
28834
23165
20092
15960
17565
12398
5629
12593
9007
29003
2659
29284
1247
24212
20880
24694
5390
748
28987
29385
5652
2019
18808
919
23502
19215
32677
13870
11262
18332
866
12453
15908
19222
10392
7434
3242
3631
24821
32474
20431
9307
4433
7030
4791
15014
30586
11208
27369
32350
637
24718
17419
21888
26668
18990
12164
13978
20634
27331
21967
15601
2524
27031
27074
25763
4581
2980
21676
3994
27098
4176
30180
32407
1538
32511
10252
21419
13117
31593
16903
29025
6883
15450
22010
7172
28259
15124
15718
11713
2313
24975
30232
22174
11566
24232
28809
17974
10282
1944
6458
20218
2046
22756
4462
31183
10729
9906
31668
5936
28145
6153
32661
19783
32552
20116
30150
21303
26006
29465
6965
26506
12642
22287
9098
19162
19356
5263
25596
23935
21542
12421
27809
19018
20157
24710
146
951
5965
25777
24938
4657
26627
18848
23014
5719
14772
32203
13588
21384
13678
19766
10280
4233
6358
14276
13486
12250
9005
25988
20105
9275
19174
23798
8583
20261
5589
26061
6057
27915
199
15298
23835
17240
21274
3698
28485
14337
27731
24295
20640
15370
22327
30159
30959
11982
25760
23611
20769
30329
4293
7138
13491
23239
20468
13068
32058
29348
4276
21350
25493
31085
25950
9215
31215
19245
6081
6714
4793
26795
24812
26521
10669
19083
2509
516
5182
9323
3961
28702
24493
29810
8348
26709
15731
27822
11536
3535
6286
17278
15991
32457
18885
10189
6741
20463
4775
15901
31741
18172
686
4933
19771
5919
12912
24826
28139
1381
13375
13874
3993
2505
10198
4871
24071
10902
29523
31765
30200
8895
26640
29825
25595
3346
22028
20584
31373
16180
11557
31629
2166
14230
3331
28062
16229
13539
10780
20371
27561
20671
14179
32470
8290
15109
20227
31763
30851
165
27028
13181
4697
17350
32528
10698
19423
9643
2835
11025
9504
24951
25570
10583
14123
10588
29051
18587
18599
31569
11596
27723
22816
285
9903
25368
27723
22929
29010
25184
19013
8639
1369
19168
15370
15422
17318
25648
4199
3074
22360
1692
27879
14217
15761
12624
15146
17846
20115
20667
25471
25416
12887
2570
11635
26773
9814
30620
14600
27341
22984
5752
11715
26428
21463
24834
30295
1790
4216
20499
7682
19422
1193
1571
29383
7433
20111
9637
8189
16956
6090
22621
18261
10406
15933
7779
11096
19813
10081
21453
20051
15111
31273
13475
18912
20584
29844
8700
14214
16160
23195
32755
20370
15235
17371
25366
29151
28222
20503
16774
22756
30092
28193
18497
22714
14940
29167
15274
11341
4584
9711
32116
22872
21681
13257
26082
24698
3662
17868
25494
8524
12796
20967
19785
10540
13699
23651
32722
27937
11094
11225
21478
16254
4924
31104
26704
1424
17426
31754
8816
3407
28476
27932
21098
27191
22878
19216
4204
18012
32022
16073
11301
23837
14279
29221
27939
13047
12296
26727
19531
1288
1718
7621
7089
4963
31947
32729
13304
3218
19825
28446
15358
9321
27903
5134
12684
26896
10971
15779
14906
26779
10023
2332
4601
30938
23311
27643
26021
27056
16402
2581
3656
17802
5601
31086
21829
14640
10941
5996
28977
19756
5605
1415
6673
26540
21567
31109
13062
27008
32216
12623
17057
25769
13956
12720
22628
12694
30737
13003
23993
20746
31000
7771
28317
2735
4720
3885
32521
18123
22953
7636
19484
28675
28509
18877
19268
32613
23881
28327
14355
8956
29527
28304
21078
17685
2536
7209
27923
8240
28736
10591
12218
5624
2803
4170
8043
26969
1096
18507
27566
5617
16141
3336
5771
13999
19211
22503
11915
18445
23007
20109
4092
5310
28192
4895
30438
4903
2855
16117
24604
29276
10216
3235
19228
23313
18356
12910
1605
16601
8095
481
31075
800
10735
4840
29393
3176
12127
10051
18029
17064
15755
1624
11367
24033
31628
10098
17224
24531
13950
3913
3008
8064
9480
22983
11882
25904
19429
19107
9518
2352
20461
26485
15286
18112
32733
9721
11120
31481
8969
23398
11465
21453
29512
13642
8426
27826
16109
29766
18836
9842
12955
1732
20758
11378
8426
31732
30922
17467
9011
28775
11886
19314
13828
23291
18502
2901
5716
31662
27617
4991
7418
28366
22055
16861
20931
26785
13422
21938
10520
3940
28789
19101
16803
19686
15489
29949
14679
2983
8292
12564
7015
9862
13137
2988
30998
18456
21999
30527
20178
21719
9593
23899
12294
24140
30412
1481
127
15532
23654
20569
11925
28692
18942
29009
12563
26754
12848
3830
29904
5693
4025
17124
17393
9260
21481
2825
8557
11462
8718
24782
3184
19277
11795
29698
21004
18727
22976
1008
4219
929
22052
782
3608
21275
15872
11885
9470
11272
26231
9153
26808
13961
5199
20337
11789
1296
4536
28693
29811
19277
22693
28433
19673
27072
23281
4564
12576
24321
23997
21884
26145
9399
613
18799
8130
430
20836
14062
27297
676
1969
13127
3282
26191
22701
25162
4644
5978
13671
11940
16538
31335
5746
7823
21484
23335
31902
27665
29939
2763
14098
433
4822
12322
7233
11833
13554
13745
13617
18878
27156
31657
12874
15856
27052
7829
31013
2084
3978
24854
7137
31070
16883
21464
9942
12172
8414
31462
18598
4183
22825
8680
11994
28211
2904
31906
7886
32609
29502
11427
4741
4465
5087
17166
27682
25239
14896
19405
5875
19712
19594
13562
13054
31588
26565
20923
25037
26388
28596
9499
5671
30977
24667
11997
28787
19977
24134
1118
21614
1503
3980
23483
32591
14450
22116
24563
26860
29579
20561
5939
7036
4473
9330
28158
30336
280
22748
25538
23151
13862
6388
29626
21874
25549
23068
6480
5055
24770
25932
4766
27532
14741
7123
24463
11023
8548
17770
22297
27218
17672
6230
17024
28081
2957
27774
27220
19435
24684
25433
3186
6513
23004
12722
23830
470
5721
21363
20095
6091
17136
11023
4763
14390
6971
17388
16160
308
9245
27864
23369
19154
16074
18537
6477
19514
5370
13533
18041
25760
21708
20429
10947
31032
2783
24069
20911
14694
638
18253
10165
2000
29120
8288
8628
13648
11561
27265
21076
7084
15040
9593
20022
30095
8226
16845
6648
32698
9848
10615
23067
20035
15555
18375
5969
24799
20870
29959
11523
17666
2600
21913
12685
19258
23681
8096
19049
22243
3819
31886
3080
6520
8791
6953
13252
3930
7264
25703
14206
15448
16914
27797
17597
29407
6291
139
11679
16269
30211
22375
23683
19232
10634
9423
6047
19434
1011
1608
6303
1300
2930
4640
7435
23848
1329
29147
2310
30745
14277
4036
10344
30576
3201
30863
30412
2288
26927
19934
20814
23378
6866
28769
9387
31188
30384
10289
15597
10940
22166
11929
18338
31410
24553
16653
30842
16289
27791
8858
13738
26127
26710
29813
19300
20981
19222
14446
18881
23196
14814
24312
9760
9987
25477
14840
27520
17925
12851
27316
28114
31351
15988
17986
14656
18553
10160
14160
2705
29950
25123
27391
17177
14791
20547
6385
8056
5830
20081
32661
13434
21100
27805
18922
15217
7865
8608
7787
4819
4210
23026
19855
6772
23709
21770
17142
24782
2658
17734
3350
9751
28504
1583
3886
10535
17473
3402
11246
21694
4530
22044
23844
29105
13740
17682
21239
1711
23574
15784
32427
14238
5870
8349
10961
12452
28281
1442
26342
2462
25703
12502
17510
8992
18901
27246
4345
20564
20547
3640
13006
30611
22297
25854
29157
4109
31440
2229
14625
20227
31105
13616
3990
30429
10536
9636
26640
846
8255
5595
7469
8654
2601
18940
18969
18666
5035
22199
15681
12104
9772
10120
21278
27978
19064
19564
878
11343
10480
19365
26755
2790
10295
25765
15647
25977
7680
17031
15359
2276
28866
29626
24484
18721
8354
11102
21600
10568
20037
20661
23561
24712
16434
12005
29547
4450
22113
31753
25856
29211
19484
27519
957
2061
14807
26651
28827
27341
26044
22427
7871
13760
20764
12415
8549
8795
16167
12491
5939
8810
3765
18427
26245
19973
25172
4878
5422
2590
20594
8596
7424
9366
31115
18074
21748
5429
392
8548
18352
268
17809
24831
16587
3898
18158
24753
16117
23402
12315
25874
13289
16606
14737
2034
18188
6119
19695
25323
16716
7005
32274
24671
14513
7204
509
9861
563
25999
20219
31040
3071
11885
598
30335
12779
24139
8792
24641
22846
31937
25556
8963
8768
6083
16206
19684
7889
13737
28134
16879
27179
26179
28639
17269
22097
4841
16400
23354
19178
29527
5451
842
32672
31135
17504
1089
1422
15263
19712
17528
24427
7927
2573
27454
23046
25318
28545
15100
13235
22293
17271
16252
27958
6278
11302
31362
574
28282
18507
27999
2480
6513
27675
31276
26587
31147
30524
11031
12773
21958
28478
31569
15899
1643
24694
5174
4472
29797
8346
1628
15696
29995
24415
2305
20981
23100
18195
27522
13604
31400
27616
23152
3180
3203
28798
5186
5289
8197
20745
9988
2722
19952
31486
15032
11617
17464
26512
19247
31938
16463
1733
7120
456
12102
19629
3848
4479
13992
24744
14425
6616
19954
551
30531
29209
32267
11897
7132
12302
31673
24965
25784
8675
19153
30685
22620
11169
5445
7978
3362
25944
5380
15629
12006
12681
8778
24197
954
18166
22110
21072
17218
15799
20664
28891
24409
23494
16799
24149
8998
17332
24695
23085
32724
29368
9739
18976
868
19839
480
16054
15124
8423
20760
3985
17
27059
5363
3992
24699
20107
8992
7002
24288
18247
5857
9593
27616
20342
31753
22473
29754
5256
8014
27176
32481
30585
19258
31462
7703
13186
19086
26453
13558
15555
20753
26232
23899
7895
23989
17735
24143
16810
3440
28169
13729
24618
31383
4389
12291
16277
28514
15453
7500
967
4658
5276
3650
7499
14542
3839
5567
21391
32582
31988
12850
9575
15348
14660
14671
10148
16634
5268
15910
24401
27266
12805
3287
4790
30452
4452
18245
3077
23213
20757
21868
18661
17500
220
1414
9518
3681
12608
3625
21303
29010
28324
4224
29334
24707
25788
13282
15890
17960
2880
16645
22716
13646
12823
4971
594
4265
30747
23554
2813
991
10780
20395
6739
21552
17886
2327
27367
28943
14109
26975
26301
1777
21299
16810
12882
18182
25707
13583
10367
10989
12114
19010
27743
4104
7909
28268
31533
31713
11631
21993
15713
17484
16
16929
5176
6566
5120
7936
31085
28091
7443
32448
30801
6347
28090
27122
9880
27667
22642
13679
4942
4729
19306
13186
22676
6711
4347
3863
27587
333
10057
21893
6635
10062
12530
26961
25850
27349
27145
796
12386
29519
26568
7249
8400
19752
10253
6881
20724
20872
17298
14431
616
2762
24615
21731
2418
14154
26295
7967
25418
14345
32116
22471
26378
28909
278
31883
14439
30161
11624
5284
19534
15045
23500
28210
10247
1780
583
16508
9532
9734
1552
4276
11501
6579
22342
25961
29106
1442
29028
2130
16572
6564
26344
2977
13639
20259
14475
15412
6384
16941
19329
3657
24397
30416
27877
25284
20376
10070
963
8134
2247
21897
18551
1130
24436
24547
26943
22888
25327
31373
22463
16461
8953
5235
3294
23786
8562
31634
15005
18552
29117
15222
31390
10195
19238
25852
30684
6293
3903
10124
24296
302
31920
3792
7655
20972
3226
32494
20137
14789
18204
3054
26541
15436
12610
28070
14335
30075
623
29612
14023
29678
4431
29519
19913
26726
9772
20705
101
7180
27022
3197
25761
5235
4584
7518
6569
16938
24391
23328
15596
15572
4573
28892
7178
30601
28217
1809
32037
5611
31186
23704
5617
8695
25250
13762
2031
5137
32369
12325
1539
21354
28532
24857
12723
31148
10275
20213
25389
19451
31697
29295
2039
6194
31662
1999
18264
8466
16056
24786
10343
9493
8014
28597
27595
24329
31723
767
15989
2511
5632
25843
17928
15064
23575
5882
9614
15462
26243
12451
12860
626
15658
4897
27085
8875
16593
24402
2866
2431
7706
17171
17235
3841
15777
13534
3678
28134
6214
18594
14431
32472
11007
26826
23046
18137
26643
16771
6561
6478
21949
8084
21009
29237
30927
29456
11767
27310
17882
30431
15410
525
9678
10362
7495
11248
9685
32462
5503
32676
28289
31014
24716
2233
13663
5723
19378
7389
8137
24803
30169
1162
8241
772
5161
20191
4826
11425
14804
14358
20908
30620
9746
7165
11780
9977
22020
18547
7915
29012
28884
4003
19164
20706
18132
8073
5506
13513
1714
17146
23125
5606
16150
31796
20477
10446
5129
4476
28401
16817
23554
5579
21800
17445
5377
3287
4343
30213
20545
1537
17896
16400
23880
25031
29964
7658
10800
24223
18999
30222
10095
29576
5867
15820
11067
24792
1708
2710
12408
16888
10105
5410
32015
1149
14364
21090
17130
5404
2866
16202
13755
8618
21696
3918
30569
18605
3636
1234
12913
15680
17738
11048
24724
17960
478
8584
5983
25625
14019
30869
9967
17219
9490
16900
14365
4511
27710
24605
12355
13969
7157
31274
32681
23108
13827
4471
8829
23762
24856
8003
28378
21038
23020
21661
14117
2101
23267
30559
7588
7439
22389
26517
30281
15570
3102
4590
19559
3149
18825
19506
129
8651
13411
30807
13944
15273
24781
21723
11326
11608
5321
19123
27526
15653
29518
1539
17292
14540
23785
27159
14755
7177
15636
7752
7138
12011
19812
862
17331
12406
9246
20841
30254
18299
27391
19708
23899
14798
2348
21577
9997
30906
12828
2146
2058
460
7112
3026
15294
30442
12404
12829
3591
497
11102
25993
5577
28307
30518
13877
28448
7690
9253
6922
20350
29980
434
24004
261
7603
492
26369
29810
6938
20327
5309
6247
6481
8856
17712
4230
23474
1604
2683
18341
18292
17925
7001
6344
32419
7535
55
21362
8699
9970
6568
7137
20748
32365
25730
5798
31371
30493
12036
19131
25166
12216
30237
11063
22112
17256
2930
9115
18393
1332
15904
22210
29763
28403
20480
27704
23158
1454
29929
9409
6929
31961
2954
5410
31737
10373
19876
269
15411
19471
1444
30351
12556
3972
18427
18114
10994
1869
3443
10255
6455
4128
17542
26651
25633
13097
31946
24195
2998
2106
21166
14417
30962
24042
19382
17396
22180
20928
6448
20210
31595
23623
30895
18414
31462
20910
10991
24424
12183
28212
14250
11042
31972
4445
1825
10554
14600
25893
29738
8922
11803
8846
6307
3176
12304
2222
30077
32419
2955
4306
26466
4918
22273
8069
4656
4782
25946
31921
32124
24223
12530
430
30127
29874
21570
14951
22425
2391
15715
12750
30221
24799
1261
3872
15097
28750
12003
15223
8073
4467
13804
11126
2390
30568
31079
28446
6898
3797
30906
6754
15121
26056
13992
3023
27036
5504
11120
18477
8374
15708
3899
3068
30088
28768
12618
2852
2761
9340
309
23252
10249
3941
19533
23077
29410
23841
16629
21439
13248
1656
25852
5201
30066
11636
21034
19436
6612
13683
9981
22476
12970
20495
18741
22219
18869
9623
26749
26925
5280
14963
23295
12420
24806
21872
24367
11042
29439
22080
14114
10401
7800
22688
5039
25157
19366
14379
18856
25644
8809
17365
25244
2658
26392
2655
1457
26726
11003
20271
21031
11921
16682
14574
15046
22079
23748
31170
28178
5152
29004
18164
30520
14649
21075
26539
15202
18877
17739
16512
9786
15568
468
13131
10715
3755
10469
1025
28541
13787
31943
2078
1041
6267
20904
8509
12931
15734
11767
29838
12346
14469
9893
18619
458
4231
5111
17253
14183
30724
3079
15877
23257
811
2243
30471
10269
8833
19300
7200
4604
15652
3083
12938
7940
23115
4737
31255
6073
6611
31531
19356
31645
11753
13183
26558
30870
17890
4010
6711
19473
7099
14542
6388
30100
28866
29293
24513
9319
321
24294
401
5390
2863
17865
20259
6602
8528
3651
31390
20830
2116
15559
25605
14781
22928
3541
7362
12887
28981
26096
28584
9176
22943
29008
22690
93
25435
6226
18253
11861
25850
31165
27774
30155
5723
13494
15911
4949
13291
5725
22079
31258
16686
24228
29221
27610
29434
14576
9333
3972
18108
25830
19886
1233
26538
23225
20527
30782
26585
3954
10556
23800
13863
22810
17425
19253
2128
28041
19411
16879
26918
16346
13139
8035
23560
19347
15333
19393
775
18994
20012
22989
19053
21366
31124
6860
26210
19855
4397
9470
16131
1539
24031
28252
25130
25505
31948
26528
21907
25059
2932
9560
29121
23931
26388
27196
3065
18612
23450
27645
27819
489
272
25498
20018
24191
1064
1661
31225
3082
9107
6530
23511
12132
30935
5048
13180
13181
31235
6997
27138
26132
20021
11066
9132
11625
26927
6606
24506
21642
20343
16299
6439
2953
222
31427
13792
3749
4162
30342
28889
20016
24902
17887
28645
25203
4059
30858
17307
8853
31487
15161
20557
10384
2361
12133
13180
8016
25630
10562
20137
28355
25329
28153
30910
10655
3500
15393
23008
603
11093
25562
1134
4638
31631
31715
7151
31027
17190
30683
29184
26531
13578
12222
31008
17763
4761
2627
28169
15299
839
25347
32442
31986
31617
28748
15774
28884
7190
30863
918
9215
28813
24115
30859
31012
25595
8682
6042
7907
23421
6009
18993
22329
5495
16931
14833
7655
14204
26746
18585
27444
23721
7294
19195
18681
27489
27502
7759
1292
24325
21660
1676
20967
8960
32115
18409
21006
11821
12005
17638
25690
28668
5708
4721
28336
30694
23596
28269
26024
12530
5107
16744
12279
4699
15297
13275
30525
18929
11766
1547
30055
19531
25273
28940
24586
14723
28626
20408
23616
9485
6432
12233
30210
15006
23637
24797
3135
5094
31273
22018
16237
3548
30232
11157
20353
22625
23860
13133
1511
2282
27778
23681
19344
27155
17310
16755
4723
21100
18869
9003
4999
1141
17074
26992
30293
25110
9789
5461
15082
5881
16642
29246
30771
6802
395
28397
18437
26835
5473
6888
634
13238
8674
1209
7779
32307
19370
14502
21928
12806
20562
26039
492
23791
26982
20402
23850
10437
14151
11545
33
30552
17393
4488
12943
1612
2472
7056
17380
16096
26841
9131
13062
27858
29472
15114
15960
12355
1856
9636
14687
18863
16720
10575
2558
14820
16974
13402
9522
8930
21490
24839
16634
3329
21799
3330
2004
2365
3669
11395
22133
20222
15545
21879
11875
1394
6504
7836
13484
3405
26927
16971
19153
30748
1593
7202
32575
9968
31673
11951
5403
19132
9858
23871
1452
5109
17493
23132
32145
24439
13736
26293
2418
19111
22642
19832
13109
29295
29461
4990
20241
1322
16107
27367
26147
4670
23028
22334
24913
3900
17646
1712
16608
29267
23196
19669
16030
12956
20791
32629
29896
9842
3224
3754
22962
25732
15396
32767
30468
12095
23968
27053
4699
12255
3403
30841
2288
22089
24686
28638
29582
31369
18220
21255
4335
31544
17316
18311
32302
731
1883
27705
18852
16473
8482
21454
10412
23683
7955
19922
10536
11083
26793
12958
16296
16736
12344
21063
18195
16024
5948
29650
5944
5013
16379
31013
11043
8602
2452
22987
20934
20822
3659
25015
29887
26818
7266
28151
2328
14374
29283
29903
26002
559
7079
10072
14752
20260
21586
433
4273
29005
7385
27847
9560
27749
24251
26398
4405
23701
22886
30567
18340
8343
17647
16554
28237
9318
23210
29681
3121
31504
29274
7778
15061
10898
24992
24283
15006
23495
9157
24810
14393
13095
833
18806
1763
20653
10639
10207
16123
28385
11519
19292
6712
1455
15761
10758
32724
16170
3262
20251
31897
11072
30704
15725
23772
10008
15326
11065
26056
22516
450
28808
10565
30278
3616
28753
29687
29282
15775
12346
23589
5907
5252
32395
30486
49
18816
29451
24763
18921
31749
23403
21147
18233
6096
1355
11636
11783
20661
8224
17412
25954
5609
11645
30754
10246
16424
16561
12677
13218
23001
20958
19056
11114
22360
26354
15318
25299
12613
24378
1251
21380
13619
25838
28628
26509
23574
19258
21920
3559
19503
19235
4479
19639
2807
3730
7181
20013
9147
26448
26660
13509
11991
18019
13255
32524
169
31412
24028
20407
14509
3917
4591
25882
9562
25536
2390
29915
30202
11185
938
5169
8327
12566
12878
20552
25042
10239
28560
22913
9312
13012
3577
2028
16768
17497
21989
17732
5733
31573
8602
3210
30207
15565
25598
18675
21746
3838
18976
8513
20165
27974
12836
23597
6929
32326
13105
4819
2828
32018
13253
32760
5690
29894
1532
1087
1051
13627
25986
22354
20597
25355
2205
9727
12463
20513
16374
16910
23718
11185
10535
22819
8916
14659
4631
24145
10318
15295
5930
23314
2701
16908
10660
27983
6766
16525
3095
20656
24211
13126
27529
6330
6381
6552
28991
27052
8708
23804
17139
29996
18082
19364
5574
32264
19786
16251
20745
9722
22230
1513
11163
32084
9628
24501
27079
5144
22876
26566
13701
16588
5330
30462
9828
4441
5035
27032
14409
16622
609
27531
5052
14964
15278
20222
8162
27077
7890
31585
11878
20418
1443
8768
18269
21106
30906
15087
12690
30254
29069
25079
8092
24302
384
8608
9737
7500
32629
26859
7708
31240
13230
2386
7003
7418
27768
21754
30532
4894
11098
11760
28421
27879
21051
10006
16026
6389
4183
25605
4408
4185
20590
9355
16098
6694
29121
15512
13753
10067
19979
26857
9357
12089
23604
23394
1328
13269
5617
4782
986
29661
29346
8513
17907
21741
9399
10017
6420
1667
5639
24354
28884
202
21911
17649
17163
16543
10389
753
18408
20753
26812
4466
21777
24250
4193
26329
28864
594
24538
24891
27836
11736
31018
17781
12239
17115
30813
20791
30549
8927
3171
29638
29656
5266
9846
18214
19183
16551
18047
25693
17289
26154
27971
25067
19361
21143
18238
23909
15735
28273
30989
21185
2665
8744
7188
29477
7209
1024
7559
12896
20125
22465
20143
19907
19287
19173
13126
23314
12112
26911
9340
28022
7580
2867
19163
9391
7788
22779
32206
8344
25951
31518
28615
9599
25461
7936
16187
31414
28495
15162
783
2409
2704
8361
21384
15358
14378
1304
6712
28999
1843
21230
9682
814
29522
10458
16355
2297
7953
17779
7012
17738
7662
10623
26288
12261
6608
23015
24446
24075
18029
13869
29969
15534
30874
1702
12800
8958
29749
24684
31336
27329
23660
29844
20465
23914
29075
9262
22827
12266
20864
14713
16277
30350
625
27911
1545
22611
15429
28074
17776
27770
21263
9102
20814
1451
14529
2312
29039
18208
18055
30702
25115
28582
2617
12463
26512
22764
4816
12616
29429
21388
8458
20752
29736
11369
12597
17744
2296
31487
12877
29122
12605
13654
15719
29943
5610
14919
4913
12132
20605
26606
20311
31947
2913
17613
28543
4151
18081
29749
26707
8628
17616
20873
10263
11032
23712
13581
7016
22439
22011
24714
14474
4339
17192
7694
17558
24741
10022
19292
4952
14159
16950
2330
4911
32622
9156
8137
21020
15572
11329
8020
21013
2346
20119
17530
12062
28252
509
6807
17487
9492
18108
7282
16671
3551
13708
6057
4335
20002
17653
25745
32045
9831
19016
18203
19329
2905
15413
24911
15221
9711
9515
16830
20796
19302
11570
12801
6408
4489
15860
5243
10826
29555
7371
30572
29642
22477
23460
1545
27919
9931
29062
19668
4236
3410
3320
4418
15725
19213
18466
26381
17640
6347
19425
18365
21774
14166
2763
14530
21443
11210
6603
30590
10071
22408
10044
983
17486
975
5986
18661
24179
29767
25682
27301
1148
5793
12703
22337
5250
30830
14435
3100
8075
7131
26660
17251
20768
19240
18632
19638
27481
12669
1585
7754
17918
26160
30945
13278
24035
27460
30423
21417
8059
24874
10607
22793
31286
4642
12842
1583
5964
5642
6657
17886
11670
29109
11166
16827
2177
23093
30692
12140
31469
6227
30115
21049
10258
26638
32642
28752
7319
9807
11168
12154
9640
25526
31978
2847
12358
715
29704
30219
25860
7619
3230
25986
21863
4205
1848
4202
21165
23933
22174
16723
22981
19366
2798
6468
29184
5578
7495
11619
16358
19528
12322
12406
15673
31883
12866
10838
32207
23549
21870
26260
7851
2046
28415
16956
12552
14503
26588
9859
7229
292
28277
32620
18909
30005
28320
24698
9211
20591
26554
2393
28680
8513
16651
30066
11613
22019
27298
15224
30663
12429
13266
20287
26526
16871
25539
10123
22145
21962
31348
31405
12518
340
15998
22098
22160
8104
24252
7493
22041
15735
31084
23966
27409
11319
30426
7569
18206
8394
26186
13091
31451
30705
29384
18337
19677
20723
1754
25572
10828
898
29001
24
20584
24436
30237
8230
10282
27637
15208
24018
9216
8018
23236
4319
15941
18099
19448
16690
23576
11363
8386
24825
5052
20180
18031
11880
26766
23384
7004
23273
14229
15536
29277
18001
30418
32321
1186
23255
29494
2894
14585
9484
20235
5043
29766
9197
19141
23754
4794
3593
32282
4335
16937
8767
1155
24016
4366
11834
7576
3929
15032
2824
24900
28856
25152
1636
15948
4202
11156
11032
13874
7547
30380
16049
4004
26967
21925
27698
22172
20029
8048
12608
32187
9793
6633
17812
6994
24431
5743
23815
8682
19227
23938
4587
27700
22153
19404
25508
20665
24910
23923
21587
17411
10702
7350
7866
20947
1533
11192
20347
8702
19930
23309
20333
10868
11047
18849
9189
19918
16540
18045
28343
23913
16683
32182
19026
787
23773
22421
5235
4800
12414
22510
2499
30562
24000
7492
3798
4752
22846
9120
27548
879
8803
5006
25162
2390
7483
5166
24479
17899
24344
24486
12308
32730
20675
24815
6986
12786
8671
19968
259
2830
23736
25035
31180
17921
1995
16018
29497
23400
10355
6731
27657
760
5767
1539
28417
22430
20983
17374
13953
29081
10475
2190
25402
9144
10100
27130
20859
4958
16428
18354
1792
16825
25895
9324
22558
11096
15316
30279
28540
20987
30160
23724
17397
11902
27689
181
30804
32345
11363
17054
19769
28130
17421
18026
31592
28764
21699
24673
12958
13794
7474
22649
1707
28773
10590
7020
29513
31643
9473
1755
17050
14388
32014
16486
31013
29671
17430
16665
21317
30111
21752
5426
17061
28406
23642
22419
9148
9955
6607
4129
9939
31417
18169
14545
24907
3556
11287
21778
19849
5911
2825
15244
2165
30121
19655
15405
23924
42
20478
20168
24710
4402
9609
23566
15124
20698
13982
21599
12182
21760
6790
26814
8379
25477
15745
25350
18580
1678
29611
4162
28938
27649
14002
3576
5833
9555
8091
603
15505
631
32106
22141
24851
12440
21885
16161
16336
8596
14004
29090
134
7232
26450
18469
30854
17537
29797
18167
9480
12610
30217
2177
3683
7008
27174
6919
29634
20553
270
21650
21152
13446
31675
17843
31467
2089
31904
8469
8710
30921
22101
30210
6432
4915
11784
16530
