15614
25903
10951
11090
8039
15544
30731
22100
10244
10544
16307
5033
29858
20110
1713
28305
2248
11646
23444
30716
22478
8039
21554
8613
25360
28218
21511
12067
18026
24514
18560
23295
15335
18103
12005
27647
23064
4935
9465
1617
27584
2887
26542
26261
28113
15351
32009
2898
23730
24609
21803
11979
12837
9520
6934
17197
21501
11613
23188
25458
25575
27492
10836
2546
6213
3653
25749
29939
15136
24048
23042
20974
26114
11292
4021
19649
14194
17816
13135
3619
18060
12894
27767
8873
6005
11824
23544
1928
6695
30830
9971
9332
21922
1184
13158
28998
22319
29824
12346
15249
27344
12662
19780
13282
29055
25473
18871
12950
7662
8138
10899
10296
11159
23612
8207
30128
982
23605
22122
23673
10387
27155
13810
9293
21060
32339
12078
30140
2871
29136
15851
4427
29102
25285
9296
10699
26735
27238
21662
27121
2696
30957
5357
25973
6863
7263
22324
22487
28918
23527
23117
6149
5855
16616
20732
21197
20435
21302
12332
9973
11036
19132
7757
25438
28138
16976
16592
10991
14757
14728
19174
32575
8987
31656
30473
9397
9239
30
27194
2151
17251
8789
6357
24012
4402
7060
11964
16392
3539
8294
13887
26061
14013
22290
29675
20596
9770
16905
5289
6941
11829
11467
20144
3767
16344
1121
9015
11114
22390
6363
28616
14226
23550
11868
17773
2610
29272
4836
24360
19028
30880
20730
30276
2737
3921
15981
32647
13758
30524
15277
4241
15461
9197
15001
18792
30173
1241
19307
29886
5561
23336
16776
28012
858
15122
20302
2997
17514
6402
24173
20454
1821
4895
27708
30470
21904
5282
14536
2389
17099
19131
15616
29674
5917
6773
13857
15942
4847
11669
18453
2530
28442
20057
24864
13153
23387
26550
3397
11925
16860
2694
1106
18335
19659
23266
23381
16020
27330
2165
21439
8404
22818
21995
20764
17784
28605
3612
28680
10832
28601
3305
15365
31238
21693
27592
7554
18921
29426
8025
12201
3393
12465
23234
7372
6651
18470
26304
25216
30099
9407
6593
22382
9448
7540
25402
13366
31011
3735
27930
20680
14595
3364
28947
14728
18812
8610
11782
11537
21713
3815
28015
14547
21737
9151
705
27928
28539
30047
21185
9135
23009
20658
23760
28570
30592
2368
25973
29619
3865
19828
14540
5975
25242
4283
32374
4139
1019
3115
4953
18595
32423
9423
11092
11009
1782
2396
10558
20439
19600
14653
822
30839
22182
12052
21356
2470
6110
29985
27444
12436
1107
30448
4250
31110
24879
2802
9058
32220
14248
13950
7924
15544
21920
1180
23388
3383
20164
23461
15014
26937
14017
26735
30711
6844
24450
1299
24385
24468
31619
24680
20060
5304
27472
28110
10245
31134
8914
14356
18164
29390
20594
30635
2626
850
13238
5527
2236
31460
11429
17601
26652
14148
23617
21647
3697
14566
15963
28791
13855
24694
29397
14054
29347
16088
25497
32043
14280
21351
19445
19913
26190
3971
29672
16614
21956
24970
22289
19699
2348
24980
30903
19052
4502
13746
28514
11244
14113
1145
25434
12619
18128
4345
30018
16533
32443
20208
10906
5667
32594
28831
944
17816
3444
22677
16149
12484
5629
15073
16658
3269
4758
26817
26585
24720
20210
29768
16849
8353
22274
32558
18151
4671
27336
12612
5704
32197
16231
11391
26521
4638
6822
16587
30822
2327
699
25318
471
24048
24147
14300
22946
21890
26763
3106
4863
25290
16025
23008
2018
18306
15632
7930
18004
27491
22977
7547
11218
31590
8236
19281
18656
9404
17520
13797
31386
21200
30081
29349
13335
22864
16829
30472
21742
4543
20168
25165
20117
16144
26973
4044
9313
30503
21103
4027
24378
30258
25636
7182
4685
12284
32488
28088
23445
15284
25296
30170
28355
28208
20771
4072
19339
15879
23742
28575
20728
26190
18914
20069
20616
6987
3570
14156
29195
16997
11925
16323
8109
17347
25239
12683
18108
1998
29805
11452
494
14759
1322
5309
5686
17191
24950
15490
31691
27938
5321
13263
30752
12612
27132
8194
28586
12457
10137
17936
27795
14076
25371
540
5766
21668
29353
30166
19987
18486
26324
8079
25993
8657
16422
32626
11565
28505
23447
7903
22860
9554
21033
16046
13230
2320
13386
1173
31927
24336
21602
1929
28523
25549
21341
9528
4994
24487
19793
14920
32595
9699
5115
19329
14743
32493
32463
27437
25117
278
32736
22028
18106
29746
2607
13647
27375
8634
27595
7599
26713
18279
20729
6835
116
25257
1017
30794
22099
28358
16897
23617
26292
21521
23715
557
29216
14109
28598
5694
17194
32375
28314
31682
8297
20986
72
1737
4472
7749
30437
20283
14106
6035
29359
22166
7276
10899
17118
12361
18932
26301
1989
18457
5053
5093
22483
2710
12041
13643
25977
9680
3928
30259
5392
28412
4224
18156
22266
23889
4565
27030
6945
21243
6202
18330
27085
14853
12751
12895
9985
26639
24113
1309
16541
5173
9945
2604
21923
32730
32650
21340
22692
4614
25075
15423
21698
10374
3652
12432
26674
21482
10675
25047
6040
172
9640
21523
21988
2877
27807
17211
31248
18211
23297
13619
17775
10669
18928
24880
12640
19403
848
2900
16646
12846
9634
20805
18459
8913
25459
16550
28525
25645
27008
27721
25915
8862
18576
2679
15453
3032
8081
7557
3269
23193
9927
25738
8427
25841
16334
7787
6054
15825
30878
207
15759
394
6036
8413
18628
20559
3398
3016
12967
10963
15272
20481
29680
19660
8198
6180
28082
31092
19505
25539
5957
19050
11487
8781
2920
31199
22167
31888
4774
23619
16025
25635
17521
32099
29131
29805
18591
25035
32485
30891
11022
18329
5002
32683
23791
31063
25672
22130
26806
11695
21295
20381
23154
5718
29656
2083
17102
7438
11840
8696
20001
26846
25555
22671
16734
11590
2471
28586
13532
3617
10214
29017
12718
10094
12080
441
10147
30556
23324
18403
15197
27308
16977
29018
24113
26052
13904
24776
7326
23824
32709
28794
31512
3543
9254
19458
6164
29591
27253
12947
24019
25325
30225
26641
22888
25994
22695
24515
2471
13189
515
10566
13645
2404
9749
26094
325
24135
9270
27894
15474
7642
25848
1647
27793
24500
17841
29582
9281
10345
2513
5191
17088
28337
22439
20579
21031
13383
13304
4938
7326
32107
362
5001
2218
27068
18656
29481
4068
25575
24208
19487
9330
26173
14048
11683
12001
18436
10011
5131
24427
3671
11156
10588
28279
1084
15152
26295
10577
14279
7640
21708
21559
5002
21473
26697
5653
26550
26906
14914
29347
14303
17635
15599
4855
21534
2470
8889
8472
18900
10235
3262
18708
29660
4177
20156
13688
29653
12422
25406
1609
18091
10015
7984
14863
13295
16167
19172
19958
1045
16128
20189
15361
2449
16882
4618
32136
30299
29674
2577
26066
29752
3601
10548
6349
24903
6075
11567
9910
8544
15851
18321
15530
23344
16030
4019
26399
21676
28592
14013
26499
23061
20418
21762
9562
23579
10095
29122
31541
26036
4950
5252
27442
22040
24626
4026
3207
7075
1697
24035
4653
28054
11938
7113
14372
22888
29769
1978
461
28311
8815
10286
28385
32241
32629
29873
10827
11086
12367
7174
28180
6186
7317
3730
10225
27288
18308
17221
7469
7827
24199
32611
31902
28263
25930
29869
15105
31430
32078
4297
398
5231
1710
4254
7011
7152
15908
22678
6011
9024
25737
24499
29143
1913
11867
27558
30348
1820
27527
6852
29371
29424
4405
24204
25414
14106
14132
17824
4472
26435
26028
2095
18867
11039
6231
10336
23719
4230
23967
4183
28394
85
19740
27017
23839
10791
31314
18975
28170
296
1403
26903
1987
11828
30297
26182
15628
25605
6567
9217
18297
24368
25989
6022
28286
15653
1886
20228
17914
24484
17068
11874
23164
6568
3437
6573
12483
24807
312
15438
10223
24372
24025
26968
11644
11194
21709
31854
11224
5379
31074
16874
8844
9374
14503
6944
28794
2575
29100
24874
14772
4337
16267
17600
19575
12564
9197
9598
10989
27128
6451
8161
28833
1106
12789
3122
24410
13252
13021
27579
23797
6709
15456
31538
14379
8344
30052
8227
78
3557
23761
13093
24164
180
26841
6623
7279
17738
7157
2071
16520
12281
3848
4384
691
22687
21528
4704
1048
23082
3589
29829
581
7677
2373
19011
7997
2883
28089
9233
24627
27507
3027
23135
14215
16386
23002
13184
8336
20771
23731
9805
7529
24260
17702
31840
6809
25066
24093
21992
8898
5896
9839
26433
30611
26147
1299
25234
172
8616
13974
17661
22866
16679
7249
3423
27818
9189
6124
7165
9700
17466
23358
29932
16359
4141
11457
17345
16089
8930
11518
25546
1280
1067
15678
21453
22420
24208
32504
28829
26662
19402
18218
9719
14852
3959
28952
29081
29835
28727
15144
22092
20931
32270
95
2206
27767
375
13618
28419
14060
24605
18145
767
25040
14411
24592
30402
16424
6104
2133
11533
22985
19275
24238
4653
21378
5656
9808
28127
22996
31554
12941
26469
13761
11257
32369
13737
9635
478
6500
5733
32032
32054
4676
26964
6354
5113
28635
6200
13640
17982
16237
13419
30920
11303
17150
14228
22485
6393
7468
28430
3669
3315
14611
16904
7974
9933
27337
28012
29056
10701
32018
15973
2934
4054
11652
18877
10300
32351
14911
13458
1148
1691
23063
9364
31741
12925
20521
23267
5342
7543
8851
5824
19915
31404
21523
19247
11254
22758
30516
8852
17659
30971
12727
29549
8605
2980
24789
28151
3931
22327
5981
30623
3982
23952
9566
29187
23987
12569
30482
28998
16213
32618
13567
188
21186
31725
15444
20855
27501
24233
12827
2994
31095
2831
13470
5001
8969
13985
4058
13296
22574
21696
4628
967
2730
21447
24163
15503
22872
20934
20631
32259
2682
24874
12257
28776
25029
20905
22398
20079
26870
10122
3831
13935
13927
9629
30829
30013
32281
8719
14439
29259
15507
6099
19868
21339
6547
10187
12707
19997
27312
31456
15227
4260
12717
32735
11010
13962
19396
18107
21968
29847
4348
14948
9821
17663
17746
15283
9024
23479
31196
1682
653
30963
18424
27507
22555
22056
1384
10192
32606
32029
14252
6759
307
31929
25706
10221
15117
2712
2966
13218
20803
7510
9448
8156
10957
3443
8128
7293
4438
16094
1372
24076
6935
15432
21430
24531
9767
19875
13546
6678
10581
8457
586
27136
19309
26453
32377
28552
24532
29575
14869
20083
28879
23971
14637
22839
21627
25046
18083
9996
2376
22316
7137
25460
4132
25841
10871
2888
17189
28153
13169
16999
9485
5143
4354
16187
26992
16398
1603
19739
16467
4304
31809
20662
71
21620
17907
28492
29084
28187
23003
20173
1760
4775
10364
26370
17185
27764
20983
27414
12887
11373
12768
31776
15246
5566
7197
20999
24014
808
22648
16887
20381
21082
20062
4104
2877
27138
15555
10975
12983
8323
12126
27856
27735
31871
2628
6958
31268
28451
30292
2624
30603
30684
18287
20163
31046
31901
13167
26851
6693
687
20176
31013
27846
20990
12344
11628
9176
25206
14521
13048
22051
12503
2192
20699
32288
7244
24461
15939
23951
25621
14468
5819
22801
31346
3140
18026
23035
32374
4424
14178
2746
20603
17610
22644
21241
29980
12874
12044
29850
14176
15997
2520
31129
19051
30487
8028
3585
1545
24159
18497
14617
13544
5350
16564
9375
30851
31349
6042
8932
19754
3063
8613
22441
18563
19696
18147
1987
11000
1885
6352
1212
30907
31530
10720
27044
20194
24087
15468
4861
15061
12768
30679
20155
30628
21487
30468
26427
23617
27166
26412
2329
20906
969
13911
5038
2158
29084
15949
14931
20265
11538
14012
4783
24300
24328
15211
7405
11485
26384
617
17675
22072
3691
18971
27748
9147
29084
24870
17163
12189
10865
28411
16945
12344
25136
16609
8426
139
25603
15475
8799
18036
27941
6386
21594
30350
8591
22235
21616
9189
9397
5472
27602
24357
31256
23216
32005
5100
29129
31111
16761
3378
25991
1901
13874
4123
957
29961
19712
29921
25655
27744
16762
22397
988
509
9605
24329
22916
28974
8047
18758
13506
16753
32373
18562
52
29189
14698
6364
20313
4559
15284
19162
17591
25756
31120
27577
20333
9272
1329
31278
589
8614
11785
29037
21219
27094
25710
7068
9548
19287
21378
3257
29322
30349
16005
15014
8215
24656
10466
6716
28523
4614
22062
5398
26570
3108
5307
1536
4387
11563
31182
32514
26277
29547
3713
16505
19783
5568
6083
2849
19220
9606
2809
6874
8023
18273
26510
13107
32185
11539
28358
16429
1930
2932
32645
715
2404
5777
17664
6379
5351
25688
20034
27696
31997
27725
17258
5505
882
18126
14743
8828
10456
10323
30438
5895
20061
21693
29238
18730
26476
31890
2549
28552
2717
427
3692
612
29583
22851
25208
22542
2909
14176
10128
3202
14201
9517
20241
26278
19250
19197
13029
32340
25167
19939
6005
12842
30262
26607
1485
878
18751
1701
24967
27619
4336
12721
25039
27610
20580
23202
24388
27835
5421
18530
8204
6445
2083
20725
2186
17397
7859
13593
13069
7800
32019
29266
31332
21586
3579
31704
13332
13233
12159
23004
1219
23963
3054
28887
29828
13694
1529
23755
5748
14097
27426
10183
13467
26074
1351
3593
3796
13721
28146
11430
21293
22755
20879
11971
14526
22518
25982
25603
12723
4297
13648
14879
21888
21785
7588
13156
6118
8988
2298
32373
18703
31220
6779
10819
20248
12799
28591
26392
5240
26668
18404
2309
12439
17415
17252
25774
2400
7500
32481
30224
8224
10231
32671
24031
2260
17086
29274
11340
21334
14618
28563
13460
655
7005
12754
28295
8462
20546
7807
16828
9666
8711
12782
8113
14010
29264
28084
29046
5393
17005
5713
14175
18556
32040
22540
8686
6945
19809
20643
7026
1803
7172
31764
10487
3055
6143
30579
16263
30423
13095
31990
3997
19188
30523
31069
19363
29842
18325
10886
29926
21669
18066
17227
3661
3250
12686
8781
8202
31879
12062
28594
15956
6070
12220
38
21108
32105
3745
9495
9786
25449
1105
3873
21559
3391
19595
20096
27843
1048
24819
490
20486
14912
21850
2720
6991
6383
31540
17439
24292
24860
31711
8168
26269
3055
6384
27584
9061
32010
8729
7727
14353
2495
27155
14052
27849
6584
10767
29463
8983
20935
25364
25474
9479
2116
21592
6812
2172
14551
14985
7849
3862
5796
8006
17128
5453
31795
11306
44
22538
31892
32088
21524
7050
8274
10113
5756
19523
22714
15988
15894
20482
27826
18336
5982
8239
7147
31000
16202
5536
19937
8753
27574
9035
4746
12388
3354
20433
16577
22389
18410
4789
17908
20403
29507
16907
2059
11130
23435
9705
4812
5806
31344
20831
19571
15167
9898
448
31750
11341
8829
21016
16875
24040
18275
27393
17219
45
16553
16934
29095
5221
11793
29885
18161
14712
31255
4910
22213
9572
32240
16098
32304
371
24603
6595
3597
11929
18650
25460
26534
25170
8304
17449
239
2980
25048
14719
25236
23
6944
21149
17777
871
744
2004
9900
31302
17803
24040
12586
30580
30560
25084
4245
11310
9738
29600
17292
20300
10737
7719
21284
7757
24197
31219
28741
23672
22166
8191
21609
17111
27555
16098
1606
30012
24661
28960
4577
706
11807
8252
25219
17822
8706
25588
12797
6278
11802
23555
31428
4855
17251
8611
29713
11229
27235
15564
13351
27895
31978
26916
24475
21132
31217
32450
29903
17242
22486
24191
26833
3977
31866
20141
32587
11966
25423
26031
19220
16893
28296
16077
8094
22003
24683
7203
19727
7826
3236
3160
26035
26239
13020
6149
1116
18259
9526
10938
18098
2142
30959
6734
8517
17185
24079
14495
25826
19363
15790
31003
30756
5875
22299
22371
23461
23579
1725
29161
8901
27204
7430
32417
14494
18509
18177
18049
24267
779
27387
13223
10309
1013
2027
31830
29557
5518
13721
28160
19116
6819
30153
30782
13372
1008
811
5053
6208
15758
22906
3919
11650
19934
26160
4745
27030
8997
31149
1044
24918
31604
4154
24447
10200
22150
11670
24658
12154
7456
24076
32656
22315
28316
19148
10538
12751
19015
10568
18952
31543
32679
24471
27216
23957
26506
5909
29243
11426
26485
23637
31105
17388
25545
12179
4839
7688
8673
31393
32577
8595
22644
26629
21476
13641
2146
28946
32247
30887
23052
21193
13561
22693
23016
17115
14476
645
3121
31647
5240
3589
30401
2750
23690
30963
19188
2789
29602
12052
24712
8105
9244
11536
3173
15089
20073
28640
23697
13302
28965
21258
15007
11775
32123
18112
7586
6721
21716
21846
16965
17177
12279
15647
18086
22449
25833
11322
9464
9431
9641
13140
30855
26865
19542
22872
22539
25988
18434
10301
26754
20337
9286
3251
22115
32496
18637
10737
16058
15375
32380
9464
11360
3804
10848
9301
29272
8659
23224
4746
16336
4149
5489
13915
20803
14369
13042
21916
12806
16306
17382
15659
1676
31222
11077
28879
17103
15404
10474
20759
21608
5504
10128
1271
2798
11074
14446
19576
1433
12679
7378
18491
15244
7253
16299
1763
20647
9808
30558
30903
20074
10338
16604
19364
13782
32213
16638
1706
12494
9975
12726
25897
29538
24902
21670
6164
23044
22019
25927
12948
7383
29306
25034
9249
11666
32210
30805
12302
28089
12771
14644
5587
20630
24997
6382
17288
10473
31967
9096
14042
19415
9736
6114
9735
9309
4869
13500
12035
29189
10081
32371
22993
19731
17206
14535
17877
16569
29400
20666
1609
23285
11156
16982
16210
17714
32314
9437
20715
13081
12030
18343
11662
326
8641
8968
5209
25204
27395
7299
27344
4552
3791
21425
14818
20047
21250
24587
5694
17610
15527
6931
11666
30619
367
11652
27867
20793
7965
11558
20701
2858
9657
21764
12447
16302
27092
26411
28252
5161
14246
31778
21683
15830
11824
30971
12884
17512
14702
7978
11234
2657
31402
27048
19373
29533
6826
4364
22076
2734
16515
2942
11299
19790
17320
31776
10910
32683
22585
10674
5624
21095
7004
19394
13076
30186
31969
10283
9659
8138
16119
20787
30516
2798
6384
20143
18877
10906
2430
15127
3875
968
29166
31599
26241
16536
30905
19945
4252
12978
32547
23163
30104
28707
5393
14249
21931
22865
29884
28215
24656
23712
4316
29011
13766
3313
13327
21800
14990
26913
30637
530
6832
10215
21029
3125
30038
32079
3768
724
18727
11017
29411
7541
11079
19845
2659
7585
15468
5761
29301
1740
28865
18434
1426
22552
12689
25502
20428
5057
30102
3195
30047
18776
20080
17884
2329
29808
31761
32652
26775
15800
13069
16365
6806
11642
13498
18079
4164
6903
26527
7356
5869
9434
807
4682
25137
14638
12027
4463
5190
13902
20949
1451
11757
17749
1949
30268
30653
21136
11642
12493
30264
5054
9901
11861
29638
25041
4529
5987
4808
14385
10962
32207
20104
19293
32751
24042
28422
12106
17043
16858
25384
4818
10944
12487
26884
13803
25949
19158
22769
14641
31060
10567
3992
23126
24931
12824
27977
24476
15113
19892
4476
1265
7031
18589
19195
25119
3116
10188
21245
5273
23354
23466
31125
12325
24202
26206
16706
854
9620
17062
21680
32417
4517
27005
7158
27857
11982
32070
15431
26673
30453
30619
4802
1264
17474
2336
12678
26671
5711
22766
12041
10107
9217
25062
23282
21677
12263
8616
20350
3098
2246
12645
30992
10016
18556
18767
6970
13855
22665
9886
27368
16856
25210
19398
26474
30704
24174
7796
23683
22817
11611
13290
18744
6941
9806
25555
13106
9264
1009
28972
6134
14886
12885
11030
26506
9103
2099
21541
27427
26363
28409
13903
11821
10785
26640
12107
2497
26229
18194
2408
18916
10063
17321
15559
16997
8313
1686
1891
11783
26516
25718
763
19961
12396
2275
5089
16699
18198
9273
8956
24799
31610
1938
10634
16823
23180
19158
12466
1564
8509
16780
23948
7845
25900
22290
26213
12929
21258
18800
30631
4543
14642
12836
27212
16372
24731
32468
18573
24706
5409
11809
1350
17675
4623
8498
4970
12947
2115
32003
28673
4912
25697
11217
19550
26715
14082
28277
30498
27485
25245
20221
1288
31323
7868
27758
17586
13832
429
9793
569
6588
5571
16533
11834
7139
27786
4969
2874
12837
18193
18236
19189
9382
15625
15382
23978
20561
9334
25397
11500
26624
22857
30979
28811
28281
21750
1325
32458
8773
29009
13182
20046
30623
7065
2564
5870
25645
21619
23295
16404
6441
32642
28620
28705
14069
16776
19467
6131
22681
13014
9408
26686
21914
31632
15334
2893
28186
29231
5392
23781
26854
27301
12302
598
5713
9608
8942
29943
16547
9138
6741
28870
2817
32222
32068
6468
23659
10490
15324
6427
18411
11116
27749
30053
23479
31105
7336
800
21806
29396
29162
30816
32678
6971
18362
15345
2138
20030
29445
32016
13144
28027
18722
31633
9402
15253
29894
31430
32565
1734
21700
19493
10156
4990
19619
2006
4871
19942
27439
5456
20302
14243
15286
16015
17891
15321
13628
1828
2078
2532
31194
23832
27903
29600
16675
28722
27199
26413
24446
32211
14909
8077
4304
32175
6666
16232
22770
8931
3450
31890
30189
12408
15981
30398
27311
8941
3427
24928
6546
22917
26681
4719
21761
23745
10080
11337
31861
27971
1352
28664
16813
29696
13537
24231
17622
28515
26530
24267
29170
20227
31991
20169
7437
21218
31680
11801
8455
4774
28259
21802
15093
26504
13197
31310
5961
20461
20725
8497
13527
5755
28747
24084
12638
21333
12979
2691
19056
10759
25087
26283
5057
31293
18493
22323
5514
6080
24096
13276
17066
19133
29694
21308
3066
29786
31084
10589
22737
7085
9143
18321
13942
11860
17585
20306
14538
2791
20295
18881
9327
657
11853
31371
25734
22402
10718
16870
28728
4426
13919
11140
5957
28270
13013
25904
15685
32763
22844
10525
22609
25728
18614
14713
19402
27712
27051
31532
11426
30365
24790
16456
14696
495
171
29022
25523
11142
30371
32673
16797
11986
27988
15613
8209
28984
11443
22265
6515
27813
27234
1359
8725
11839
14017
25513
5232
24560
9119
13231
13227
18976
5720
29681
26232
25378
26849
10092
18892
6732
8212
13477
28589
30190
4103
20127
19928
18096
28642
6011
8277
24490
13925
9837
20977
24674
27757
2362
30947
470
14781
11661
4157
15088
1913
9457
1425
464
1231
16118
2869
29890
31586
4742
9794
25348
16832
16772
24214
28325
8959
11332
24231
12640
11602
29800
2811
9447
22224
32554
20703
28062
14219
9452
4551
8628
15687
6873
21298
12137
8142
13221
11289
8664
136
32580
24218
2702
109
6009
13022
11475
30152
22380
3231
21128
6153
5464
28428
8265
13502
22611
28887
22832
6507
29134
6815
26802
14502
16610
18355
28978
10100
15992
31144
6953
10687
15696
21536
11985
22794
14472
31980
27636
7024
3246
13245
26269
1344
23142
6511
20365
29053
19321
13146
23970
16050
16135
2834
26977
27234
22873
8408
21107
13151
13745
380
12606
513
6494
4741
4078
21782
10336
24306
27016
1480
19722
25311
17802
4797
23241
19631
1221
21017
31618
14630
1339
8392
23451
10097
31425
13525
19673
27848
24373
19694
8490
29356
9923
815
1393
27452
13088
1670
67
16851
8227
6686
23128
30103
11627
20197
11953
3665
28410
367
21055
22395
29612
21304
8634
25242
32050
28494
2193
29324
19699
7473
4929
14701
10759
29240
21691
30006
13694
4308
2241
29972
11896
29582
31212
6110
31909
29395
14479
24391
26691
6535
31857
31460
17227
6944
25653
4433
32430
21985
21314
17668
11174
15759
8333
6538
17391
20
16475
13868
14819
353
10270
24709
22899
15676
26025
16352
6568
25752
23604
29754
5822
13662
22763
25344
7140
20043
24267
26564
30483
16875
26636
8070
19145
29472
24147
8125
26099
23406
11671
6251
15960
4116
4657
31519
12958
11883
278
30157
6269
22827
20950
20898
27
27815
31380
6425
27182
2796
11325
3506
20335
16393
5408
9671
17766
26655
27315
3659
29750
7576
1581
11856
9013
9063
30452
13605
13222
5213
27818
5298
24859
22476
18793
14878
3342
8081
3981
6550
1914
26306
30953
17308
29248
25120
15963
22820
22838
7840
22527
15616
21296
3412
3016
7876
1521
6200
16469
13454
26943
10501
12001
15229
13942
10224
10668
28106
8383
989
21618
14141
4186
3571
690
7016
29783
4087
24806
14077
12762
6619
10169
4854
23866
9903
25796
3917
9628
14912
29214
19176
22512
23241
31852
19730
25186
12963
63
24899
7024
22695
28103
22402
19260
29721
10957
10234
12081
21349
6256
5492
2658
15604
18001
7857
10547
28955
14535
18642
28930
28439
25691
9627
28372
22104
18733
27390
23904
31878
23168
13167
17295
27629
21478
12928
31904
32525
21761
17027
13506
24686
23423
31139
31702
14646
9637
12396
8629
4442
12684
2328
4065
6754
10952
16937
10056
9035
5271
25147
19073
30770
20093
3659
29793
15109
24430
28629
10247
9198
28831
4697
6705
4003
21652
30902
6284
17321
19941
31895
17243
17944
30105
16261
20104
28423
15784
25296
29320
26790
957
6839
28
24264
17422
9438
146
4116
16052
23329
31533
740
32372
5007
18736
12172
16248
25621
17437
19527
2353
12230
11266
25681
6467
5512
10211
18620
24145
11594
4271
27153
13539
21789
9039
15282
18471
2120
15429
25700
25089
14857
15269
30103
16746
16555
16837
4732
16363
3062
26025
28174
22867
30292
3784
28815
17671
1069
10536
9825
24783
29719
9079
26877
19689
30670
13195
7191
14665
6903
31573
3242
31398
25251
22520
30996
10581
14128
27674
9313
5842
13827
1688
7077
5341
28288
8273
12380
8355
22912
31927
31051
14748
18410
25872
5202
7266
31649
16697
13319
26174
30252
27353
26205
9454
8813
17389
11587
17593
1391
25006
6842
12956
21946
10172
13210
19723
4891
2876
17782
23367
11192
30215
27514
9864
18626
16509
28873
20119
9488
19862
19349
21781
22698
13484
2116
23358
27707
13400
8199
18341
25347
657
5258
6556
28943
18947
4982
17741
993
25269
31428
27616
21590
1045
15117
22923
19850
22937
24525
11369
12769
26324
2662
23434
28829
26554
31182
30635
9424
3038
16420
32233
23845
18616
16436
7890
31493
4601
6168
27588
7015
17170
31614
10868
18267
11927
18686
19958
29572
8251
5600
25282
23034
19239
5378
19493
13107
29135
3433
6781
7668
12809
7433
17749
31543
28852
26489
30551
9672
10597
21377
27709
21316
21889
9806
31056
9179
9296
14814
11131
16994
23017
2556
9254
25414
17952
3391
11697
16793
23494
17210
19400
16710
24415
25543
22809
13474
3813
6860
29223
25570
7533
1707
29787
5260
12008
15925
15132
20178
31912
12900
606
28944
3385
22280
28853
5273
25852
842
9873
2853
13902
22321
25279
27763
10482
11934
11644
20453
18719
19367
32383
21617
1043
31678
10576
30285
21635
25802
12059
13778
1473
28984
7107
20924
13895
32518
26302
28821
27391
3823
28971
32477
29705
14991
10362
28132
15543
13377
12477
24407
285
19855
31671
11632
5225
12622
8547
3261
30478
15058
13372
28956
29608
10086
10449
21412
19009
31558
25298
29875
5900
19882
29937
3665
6631
8975
18842
12548
14649
27273
2564
14568
4908
17218
24492
12026
20817
19937
30410
18750
13380
24639
20945
1269
8993
21477
4213
6162
25170
8977
18223
31460
4268
6975
25531
5511
21721
209
11301
15350
14933
21129
24373
17432
11760
31724
30342
2731
8533
32713
5581
500
28839
25983
1229
24629
27818
16187
15024
13798
15800
5001
14816
20312
22308
2864
10312
4932
26396
26998
23615
19243
31728
22472
17657
30066
19934
22235
31423
9353
20785
31065
28230
24333
30801
16229
8890
26607
275
14140
20524
4607
5443
25999
5762
16530
27646
31507
8691
3330
8184
24191
30587
14417
25152
28726
3556
8873
12055
11051
14682
20167
6011
6163
2843
23051
8887
14468
7063
30054
5034
15278
17588
3045
8141
32330
12413
7003
12479
24434
17528
12848
10184
16326
25702
8603
25080
26434
23556
5609
9702
13378
27747
25160
8546
18090
32550
20409
9503
11409
30390
19134
13461
17994
24469
12329
3809
23485
29344
617
29975
28953
23656
24004
896
21513
12537
16552
31978
30040
285
22063
25229
20578
1783
18896
30715
8119
10258
18356
32221
19777
3845
19050
1766
2131
11736
29543
2255
29074
27047
32636
13114
12409
3980
15177
15913
12602
32675
13723
23975
4180
6530
25253
16771
16522
12729
29221
4428
12654
23100
8218
11870
19337
5731
17478
3257
27074
28375
27924
30512
429
11672
30352
9072
5183
20410
29297
31484
18633
1170
16949
22773
27472
28527
30475
1743
3927
21368
4720
9744
3433
3679
701
27306
30677
21509
6991
25617
19068
15851
10329
3236
8930
21556
14146
30887
16909
1758
5084
3427
28231
389
20615
27918
19259
6604
16979
1592
21161
417
6877
18543
7063
22878
10870
11879
4263
21867
3721
17600
23182
15152
28492
6784
23153
16018
28816
15771
6025
16034
11371
22497
8930
21665
10986
2453
14494
15720
6974
3229
12420
23358
28626
27537
11131
11856
6924
25224
25178
8232
15781
16959
20430
4250
6885
22203
18534
9446
1909
20388
20415
8589
28689
3060
20995
1027
1698
10357
22394
11820
26918
28752
17743
21387
30118
6735
20269
12292
3418
17803
12438
20138
11418
19682
12310
13630
1531
14988
17496
692
32294
30507
11905
19899
20721
3332
5066
20026
32714
24039
6046
2030
7172
29291
29529
25923
13901
15032
2388
9083
3512
17072
28783
15566
6535
31107
6949
12457
21636
14376
22271
12588
32494
23215
18431
19576
6162
22304
2493
5093
20563
12807
29689
31505
16293
5470
30929
30872
31184
24774
7613
6656
2390
30219
30327
16032
32364
645
30793
5846
17255
8937
10158
4782
29471
7344
9395
26299
10931
1477
21029
8681
30997
22266
22525
16051
24910
21362
28160
17871
10783
30970
9034
24826
17891
17336
29763
27748
22200
965
10298
11693
22663
4430
12811
1715
28983
22963
12423
1018
10139
15309
20185
15685
12547
22369
21892
28247
17853
10042
23
31025
10780
14242
2882
21745
22760
27981
4209
3105
24594
25731
25601
10007
25348
10830
28505
26096
5179
28056
19860
21634
18253
13818
13835
7198
11407
30615
27303
11869
7319
5983
3683
9685
26894
7192
9648
21353
16522
23344
20822
29695
9538
17669
20591
22284
27438
9536
9058
13136
922
475
29346
28462
29268
7951
18917
29
31421
20310
15629
15433
4143
13822
22287
13032
16580
10877
10233
31566
25668
12087
27612
30632
23072
30163
3953
27650
13100
11042
30059
28303
7864
25955
65
11621
31284
30851
26510
15104
8748
8218
12255
5238
3083
13956
10348
23034
17267
16613
7679
30206
12331
2938
12674
2801
30220
16507
891
4302
30344
29960
24868
12157
16826
14602
32632
18575
25669
10824
4207
9602
13571
27619
1236
7467
8237
7246
161
23280
717
1766
4954
2066
3072
31856
17154
22617
25199
32285
23427
11517
9405
5971
32414
16312
26789
20053
26138
30328
21080
5816
11627
292
5528
17013
9797
2722
13644
12922
2590
15682
17185
27886
12579
8532
5551
15632
27301
13435
9298
6365
2233
18721
16202
12948
5966
542
9469
25613
9315
475
31836
31752
2139
9070
7026
28692
23432
23506
25092
13249
17961
14266
17127
1911
18514
6263
16438
23102
11989
11146
7012
26577
2566
17316
18186
26061
9401
7739
28020
23699
17856
31879
5180
6148
18800
25152
3174
14757
8158
10615
28657
24268
13235
24828
29807
13441
2242
4211
31962
1316
8982
12694
30762
5112
850
4003
20462
15603
14008
30584
1173
25683
6297
30686
9965
19219
25572
8389
31834
10578
25537
15695
7370
15775
18639
17225
32089
31977
18476
31780
14069
7717
5022
6052
10974
30385
25324
340
14795
16354
12324
8549
32644
28580
30779
8092
22606
4992
14572
7989
1282
611
23384
29585
25108
9163
31902
10265
1721
7276
4000
799
27475
14109
27236
27513
526
474
13200
16795
16165
17945
20237
25180
4062
21462
10939
2479
19748
192
25031
26436
21901
15308
2928
9860
22963
3777
24926
3224
29904
16373
4769
15134
15538
29719
14084
10037
8557
10745
15938
2746
23312
31820
4917
12110
17539
8479
9825
24869
27544
21274
307
17862
2240
3788
31466
10897
13045
1744
19136
16405
10410
17807
28370
15952
77
29667
19973
20270
26347
25222
32170
25649
28098
31744
25780
6513
29389
704
17096
3584
13598
21001
25853
17138
19889
16910
14077
10150
3114
6662
13781
29351
17893
16275
27715
20383
26341
25310
25271
26609
16011
9992
542
3234
31669
25011
25269
28418
27925
11915
12998
27508
18239
12979
6093
5480
30203
27601
29294
6882
29744
11374
6209
5
18796
24730
16336
1662
21154
10481
3425
6377
4941
15637
14406
11808
26655
21569
8867
2682
3024
15199
628
10962
21966
21363
16064
26427
22089
23995
21060
1888
26624
26669
32492
14456
25558
6003
14117
7034
7668
8774
24340
19763
658
27969
30262
25540
23481
31229
4229
6797
22045
2956
12329
27389
16613
2964
11027
2007
29154
12963
2717
29914
7150
26351
30573
15510
13286
26185
22728
16856
27793
18748
666
30140
9900
26666
19765
29511
29721
18583
19282
9599
20093
810
30114
31220
16992
14024
10913
24777
23903
6493
18698
18501
16487
13466
6532
23928
7487
16946
736
31129
16450
15713
20612
3402
4048
12987
9727
11912
31172
23064
28735
26444
26151
7295
26742
15208
25963
32616
16746
18689
5613
9565
12641
25638
31869
11963
6882
954
20635
12571
4009
10690
1004
6802
30190
6951
11186
19833
28245
8332
23763
22383
17697
378
2124
14115
28567
23503
32617
20836
10977
18513
27663
31381
24363
7868
29478
20614
16758
23622
1178
11720
22356
20866
28385
13491
32204
1775
19833
30418
29671
23747
9315
6869
15456
23622
4272
7522
9989
25952
5577
30649
17336
28774
20877
2077
15550
31582
1646
9423
14183
787
28722
3292
27239
5791
23626
5287
30909
21757
26033
30545
30769
27596
21839
14775
17804
5936
3586
23343
30249
32586
28596
16300
26813
3595
2346
13723
3738
10714
19220
10925
19156
9436
2703
18991
30019
11484
12565
31902
32473
27937
13674
24387
26234
31949
10533
29412
4287
3322
30570
29959
22395
31198
6926
22361
17085
4700
4330
1241
22058
1620
9949
3630
1274
27821
23620
10557
3650
15626
24404
16194
10942
16836
19398
25331
30677
16909
31181
8019
7640
25250
2073
10044
5078
26132
25557
14724
8650
28155
2287
7100
5206
9061
18168
29782
23113
5672
18442
5358
11037
5354
7055
2740
17204
10935
25468
27791
11339
10172
25887
5651
16331
14977
29198
31473
32511
19640
28098
27667
32559
27924
21398
22487
5422
10984
28190
7357
27702
24822
15851
10547
29684
17598
16726
9301
1898
16513
2906
18255
19449
27469
16901
31119
7808
987
14638
32609
19400
17993
27153
2390
10574
27711
18651
18795
8257
9838
16333
23363
17994
15734
10838
31279
18083
12326
15988
20388
14097
18535
891
10816
27994
17494
446
4131
28110
10874
15755
534
1580
29478
25717
32174
16750
23426
29260
24612
25481
19505
23950
14311
11862
15455
10083
28047
18277
25835
13475
21558
10123
7342
25656
12945
27466
30344
26552
28993
29081
31802
1133
15276
14353
951
27515
30448
10402
13415
31960
21087
27187
19504
32379
23311
28944
26943
16393
10334
24295
14864
3491
22738
21651
16182
6089
9645
271
6536
23162
9199
14474
7902
3627
20157
680
755
17196
7426
9749
18886
4600
14712
30177
14027
20457
1451
9698
13919
9973
13821
11381
20373
20777
25442
27943
16547
5373
31717
2743
6053
29319
7204
16002
20652
29173
10045
20271
16079
3474
8490
32552
21571
4391
6524
23456
9429
12060
22708
19181
10769
25901
6293
7857
7439
29777
599
21188
26526
17055
22851
26580
4981
2164
9618
17966
2996
918
28146
16216
17680
18237
13913
13117
28790
22310
14586
16062
18409
14104
9315
24914
29074
13741
861
2046
28114
31476
17918
17324
26538
781
30906
11235
22599
23965
31527
19708
15728
4309
15194
7559
6876
907
11857
23598
31527
31444
10055
13405
19234
10594
28738
804
19845
23599
5981
30546
13013
17634
25546
32605
19869
5770
29920
24164
7128
5826
18032
1776
6743
26960
16445
31107
16856
31064
6720
348
17812
7060
13738
19996
4627
21410
20981
25361
30453
24419
31373
25189
24545
11724
20010
13640
8586
11324
9743
12410
11523
16897
28200
3918
26630
28976
16449
8334
779
27115
27588
20230
13210
26078
21485
32364
29259
22454
4922
22534
3517
8715
8466
22456
617
30646
32324
12631
18392
24459
14869
14789
13606
501
2404
8197
15288
18851
2249
29820
8924
21762
12655
10761
13745
4149
6585
28844
19766
20529
16735
30747
18140
10589
6615
7363
29689
32022
17887
23320
4060
15340
5060
18054
4743
32289
15700
22246
18006
28981
21315
24408
9359
17839
1259
28026
32673
12457
24458
396
3809
27160
3116
11610
9452
16503
27689
31981
16923
10899
13146
28079
8235
10226
16259
29015
14192
17727
12609
22602
30156
21520
4573
25343
32740
28424
1985
20387
671
5499
26928
20307
29200
11914
2845
17090
21402
11621
32654
359
17022
30995
29749
19256
27115
22668
30585
11778
4404
32226
1203
9664
32335
5550
21947
7749
24361
11706
12609
9959
3517
10301
22546
11423
10199
18607
985
10137
21650
16889
19484
923
15928
23101
28419
28079
4343
31558
22093
31209
20472
13022
12736
18348
7823
26957
23872
19370
14355
5456
22065
11873
32318
10894
23673
5082
23150
7017
6171
9400
12394
5131
8041
15823
29400
31990
31739
23200
18953
10579
13717
24529
18968
30851
2042
18020
22204
120
27947
18185
21169
6671
2119
3402
6166
29441
19556
26660
19945
10051
15252
7523
25768
25754
17802
27635
18550
18383
3413
29293
28351
28801
13076
29468
13328
3529
5147
14240
31728
26717
24652
22834
6073
1372
5616
31717
6655
21697
29436
15367
10478
20764
16674
23231
19857
9703
1531
14301
17656
697
20898
8056
14042
23458
32452
9978
30029
11783
1316
2305
21939
32722
24286
29430
9857
25258
18167
8725
8818
5757
8491
5846
26771
12353
10233
24085
27067
11850
600
3752
21778
20613
20868
25155
13369
19051
17752
19812
25281
10361
21212
30380
13062
23165
687
12945
3505
26284
17742
15456
19059
26543
16373
56
26126
14692
30066
5505
27409
19041
26031
605
14037
30908
3216
229
30611
29832
12098
18814
8726
21657
2914
20223
21714
22206
22702
13527
12505
2733
743
16902
20234
20343
11255
32105
2918
26782
31467
23352
26013
17593
27687
13338
16662
11774
9453
28683
7610
14770
3423
3688
28434
7896
30509
16216
24094
10376
3726
7867
12688
27856
1015
29384
25065
3268
21994
11920
10832
2222
3335
28321
9963
16129
25305
8292
4394
6861
8160
18337
10604
7211
132
3758
20443
29762
19256
26334
5217
3774
25224
28120
8281
25751
4976
17342
966
29686
20107
14876
2791
19468
12020
14990
28619
6141
26673
2178
11303
19535
4267
2704
566
18400
27686
25167
18993
30814
31584
31562
14209
9991
15703
7874
4177
22277
3398
175
31360
7458
20402
18482
27459
11326
14062
19150
15064
24439
15134
22392
4024
7420
8927
30566
25992
23158
2113
7490
23070
28167
8280
8296
5369
281
15300
20864
12307
13409
27429
31573
14076
25299
10402
11865
22868
8314
27229
15876
5272
9164
15310
26089
11371
21686
11470
14324
2738
15232
3060
23746
21056
5351
28839
2597
15697
10746
743
10359
9807
19511
13982
29194
4143
13988
1578
25741
5568
3208
13658
16229
12010
7610
15019
27121
26389
7111
18283
17709
5741
29915
29932
22954
20336
24264
23510
19677
26476
3401
25749
4789
21639
7680
14637
31394
24924
24835
3941
13765
18054
2930
4743
3444
15765
13694
2029
3017
27859
11119
6564
2039
3308
29591
32438
27070
18396
24944
13448
23916
27739
2625
23178
12095
23606
31546
15502
9875
9954
18084
19522
14361
29738
5010
469
720
13173
26157
19366
16262
6368
22324
7191
18816
4908
14276
11512
26081
20481
3420
12169
24092
14277
27055
1252
11547
31836
10751
13553
23455
15021
27354
7190
8699
3787
18393
2040
21666
29625
7907
27432
5614
24105
1710
19063
19676
4469
10487
8870
17817
25319
15426
11797
28222
20278
712
8945
7325
2973
10431
12714
13523
15331
26403
20686
3025
23225
20506
24861
19165
4437
1210
3761
13903
32525
25938
4543
15312
23113
31468
18890
9084
15543
11576
19362
4216
29781
32165
7083
31478
16140
22497
29905
25049
2258
19330
19928
13848
26840
27055
8340
30321
4819
31427
18589
17326
23742
32004
9594
7944
23904
23279
3718
6546
17374
20478
24084
30851
31484
16541
15617
10206
28240
21441
15642
10755
19342
4488
5447
2232
31990
13544
6923
3120
21560
12586
29012
27595
24582
13149
17663
26204
10472
20569
2640
18022
29078
14984
17877
13078
4645
26864
32316
20232
14094
1732
14105
19639
2525
9526
9755
20872
23017
24021
573
32185
15093
14845
5529
3772
3680
29318
28575
13857
16624
21097
32750
6440
20964
21055
19977
16461
9567
6316
25404
6323
7826
12210
4253
14653
26328
1771
14595
10268
24547
19305
32015
27001
17101
24448
719
3158
27952
30683
27285
1161
21894
32311
28522
19242
28639
14571
929
30650
31449
17502
11586
1271
6173
16607
31539
29223
25997
3564
12431
3370
22453
23415
25174
3037
31622
9924
17732
10726
19977
20687
20975
9884
31244
19619
962
17261
25681
7014
24193
582
28475
4239
12903
15614
27758
11548
11957
9364
12501
418
26444
16532
20801
10724
28627
9554
16160
283
12826
26247
25083
12234
1066
31305
21920
802
18480
27191
21226
11519
8992
12589
13876
5715
10830
5236
2870
17524
23454
27437
4176
4478
8181
7876
5873
21252
20845
20336
31057
16246
26459
5136
14552
30142
4024
12858
13097
25823
348
16490
28675
24989
11517
21646
15757
1023
28462
26142
17496
7773
4537
15098
2275
29786
24653
4740
21169
748
22063
12337
27157
16647
28133
4261
16796
7833
32580
23432
25808
10401
31525
30574
699
22328
9298
12315
28717
12137
20846
4188
8327
16341
20619
4507
3085
21175
31156
6422
5663
20977
25841
6962
10509
11268
18760
16266
11856
9256
18999
31993
27511
28461
2474
10030
22572
22733
31808
32210
9912
11935
30057
21061
25120
9652
2542
8926
22745
13658
25127
2296
31421
10639
6127
19474
14089
25208
23895
11312
16958
2113
1415
3276
19396
21813
4207
29378
23259
28745
26937
7852
25526
30831
23539
18171
15721
27481
16966
11751
21975
19849
29875
8599
25523
4863
15964
16777
12498
20496
2502
22385
19846
21975
8620
13045
10741
10624
13178
4596
20199
20019
31230
20094
21665
14431
720
16011
17267
28676
12363
10793
29576
28253
18679
30248
22346
18639
5798
30098
23394
1025
30385
1505
704
9805
3127
9465
27581
20254
28065
32355
11651
32600
6116
32127
20893
19100
29717
15446
17402
1814
24232
4806
8095
12861
26330
3792
6687
31239
30565
4218
29014
21674
29985
22939
25780
2316
9207
17708
23342
12240
4846
24764
5501
27438
11722
16533
5920
18411
10565
9950
28735
17565
18521
29476
31870
15206
25180
5558
5832
9532
9803
9813
20733
8822
32191
11891
13115
27001
3128
12569
27641
23243
29459
2270
13716
12316
15935
16543
7397
3556
13214
21134
31370
3327
22969
2217
13703
28577
26055
31080
7019
11064
185
9392
9975
23347
9708
17703
9716
22403
5369
294
5745
5655
25124
19017
131
11889
1693
13637
32335
30169
6164
20741
19469
6915
5754
16655
28175
11481
24772
31247
12303
15563
17557
20295
31678
13594
32521
12428
20998
16568
11506
23365
14528
28059
1286
28180
119
14216
24862
848
5185
21012
19368
10661
4056
23221
15944
4602
23440
30110
5559
11256
18946
28277
21859
23767
22739
2298
23245
28764
14684
30520
2578
13846
32067
23577
9429
18689
6813
16192
11530
29133
23755
14326
7789
2602
22906
30878
24954
20860
14928
29535
31503
20314
10061
19978
3177
28686
10063
23562
6023
21726
19246
28726
32493
3153
20459
3417
29672
11967
11038
31103
13057
12832
24582
11827
19440
13430
14313
24424
18512
2688
610
11914
4534
27178
2287
800
26266
2496
11643
31094
24707
15567
18749
18612
21992
1683
7626
19298
7424
32610
5317
12856
7616
10537
24367
6947
7862
21523
25825
808
15067
12775
22421
13243
17874
29840
16252
8717
4988
24498
15017
27049
28357
30575
18807
18501
18860
21681
18711
2574
14959
25083
12234
5376
23296
4181
18260
25655
28732
10703
1010
6852
25156
30896
176
11963
6988
20228
6749
23706
7233
6366
18159
30685
27176
3594
16211
5343
23350
19716
29877
16667
2197
6759
5974
5580
4210
23853
13785
25134
16196
7878
316
10946
12558
7675
22372
30844
14071
13718
16709
18838
7446
17929
4809
893
16513
26625
16690
18709
9362
29142
13523
11898
21178
27250
7396
15998
32153
28781
8689
1174
14213
13286
31407
6474
29674
11168
10203
22487
29141
798
10699
24727
5027
25644
16857
19016
30547
29433
20960
22189
14604
20546
22770
2811
2868
6809
22759
13806
8050
8355
13299
17807
19441
28416
27770
17772
25736
10995
29448
13623
19599
16872
27825
31730
29401
17569
18894
32098
25716
2927
13621
15124
19572
27665
26089
14387
9277
24819
8041
11820
32341
7995
26739
26533
9253
3196
12353
31771
27093
20466
17400
22078
3627
20576
26934
30361
16399
7718
28111
13114
23804
24248
8993
22510
27238
350
24649
23843
9986
13394
30096
24231
25802
17401
11554
9956
18572
24853
18298
11908
24393
17918
17451
6035
18340
29239
4200
16790
3687
11727
6938
732
23987
20107
7224
12851
19599
20409
9221
25826
16947
17283
29478
29917
1464
9959
18661
16030
13983
5906
22409
29125
31706
19400
14227
6430
288
1491
5203
5031
23704
4051
27280
17474
32276
30137
24709
20948
28523
29639
17939
14420
5353
27916
25694
25229
6818
12923
18779
2114
20370
1897
12494
16283
31290
5571
25473
25181
20296
12831
13682
162
12028
25534
27172
32111
5529
10865
30192
30000
9833
20762
1395
23256
22350
26803
16597
25428
19295
22281
13705
23846
5368
16394
4583
3797
23550
14394
6213
25955
19566
29651
16102
31790
24898
23011
21266
18972
12155
16265
17420
556
15677
9426
31344
3801
22174
22762
9329
11165
27438
10914
5260
783
26671
3461
19078
22491
3676
25610
20215
30836
9912
7457
8765
25356
24094
5852
1645
28620
23467
29543
945
4057
31098
21946
18282
5051
28331
16418
10450
29752
14813
24883
32494
18605
5594
19391
31193
6212
9330
17316
1123
1243
26255
16765
32373
18509
16718
31761
19355
27718
28097
10053
19127
20048
6095
20778
12834
5565
12942
3588
10919
22423
13404
4227
12767
20695
3672
23944
10597
12019
5350
12056
32222
5097
11338
21926
6195
19842
10834
29862
23542
32227
25581
458
10404
17485
15002
1927
23284
28819
30885
11181
1567
32632
19396
23078
8761
26504
4856
2738
12636
13265
31994
8803
14018
4499
26200
21386
4297
6285
24284
23853
29565
13719
21146
14473
23283
3661
2802
15044
15397
17363
22798
20560
20927
27244
25399
17359
20956
23081
14822
22356
27487
12541
19907
18917
29741
26794
11076
3909
2691
14637
30548
22476
8530
18836
9444
32297
27597
29202
13990
32590
28215
32372
29702
24976
30013
6216
8823
22837
20690
13452
4010
6929
4532
31784
12423
32164
19529
25387
18718
25934
29621
7194
6766
21983
15783
13855
23953
24672
23905
12999
26006
32311
621
16933
15892
10844
9394
22476
20687
32510
95
27410
4598
14171
17365
29413
7467
5569
14383
5765
32676
1508
18501
19821
26110
10989
18281
26243
21085
24367
7467
12883
9544
10044
2454
5437
30719
15024
1807
29712
26325
14111
31347
12065
10754
9155
30470
16397
21308
10831
15683
13466
28613
9422
21086
21262
17896
15819
1925
27166
32414
19053
27032
9086
10123
22103
3213
1225
24242
269
3312
25326
11160
8902
31381
27714
1455
12922
26554
5928
28199
25164
2717
1585
8810
2880
20495
6782
26474
6175
17063
26689
10384
12340
20878
24933
25556
9442
7970
5492
5581
28686
22755
12866
10997
26195
23107
31058
5984
14162
10623
3965
1305
24971
32141
29110
5286
23739
8586
11026
14759
11971
13114
14422
14091
14868
31846
17756
12742
20478
15137
8053
21926
16219
29213
30154
23277
15030
7283
18564
3942
9726
30806
656
31691
26938
5407
17826
6651
19420
29071
25430
9830
4068
231
29139
4076
21781
30901
16912
11312
5854
28602
19646
30317
12086
12772
7787
2979
6990
15693
10898
2260
15480
2366
32438
4105
23753
17376
25242
9511
25572
13357
32440
5030
9537
23368
22391
25647
28091
5778
29995
26038
5846
19647
4119
27552
31972
636
14957
2354
18802
4298
30333
18535
28227
11787
4377
10619
116
18694
14840
32019
32208
7234
15540
21654
30763
24398
6349
21785
31096
23052
1118
28727
12385
19355
27417
27089
16153
16528
24294
25717
17853
14454
23387
28494
936
3167
20444
30314
17217
3627
23450
3195
24608
1675
16080
31209
22160
14490
9637
10237
32055
14744
15410
7747
30331
6047
21333
6545
2035
31301
23391
22975
18155
29458
19561
12325
3470
28447
2215
15622
1967
9022
15252
3619
16979
31514
31816
1981
18657
14675
13941
21105
31783
6891
27624
30959
4917
10311
1990
6509
25771
15149
9168
23768
4296
20953
2198
20169
9609
25316
30929
4154
26101
23921
10823
21282
3315
21550
21801
13506
15021
14752
14828
26868
1576
12427
13364
29123
16119
20182
925
28811
20156
13602
23207
16243
21918
1288
32172
16340
4755
6881
11433
17991
31768
12475
32534
2254
16808
3602
28908
8097
1842
28366
7375
934
9139
25118
24491
254
12882
17895
19455
29235
2846
5531
11612
30711
6457
32524
10486
23719
24098
3853
21913
27774
24412
16955
12656
15549
11846
1100
21548
5811
25893
32654
19459
2671
6706
22624
7372
5855
13170
5224
18946
24308
28073
7266
5434
14142
28772
25175
21591
15103
27418
31487
31831
28471
7052
4739
1246
3773
6784
25069
6804
222
1849
15987
10925
26783
15888
9699
24634
15705
20794
19151
25165
20470
16013
17566
7405
12187
7167
12367
7889
14936
1993
15768
30675
18065
31002
18176
23745
7112
1938
11532
29348
10683
28184
2155
13267
30010
17648
8790
21775
1562
20890
5855
13007
25050
17184
31379
2697
13160
11126
1027
6689
5668
16993
4946
154
1382
2515
1276
23150
8650
31211
24155
17069
11506
26098
3606
19222
13600
907
7626
24290
24286
19935
8052
7844
16120
3017
17177
12971
31845
29763
24485
19532
14435
2426
27139
32704
13053
15719
21200
1573
28503
25131
10981
10163
1998
3986
24919
13372
31184
31684
16975
32392
13131
10991
25585
3487
32685
21670
7858
21033
6577
20775
28033
21944
21990
11282
23407
30713
13031
6706
24002
7883
18261
21180
25668
15853
19878
24726
14416
4592
24748
24283
6783
15860
26778
31957
12741
11442
23855
16129
4317
14462
28331
9935
29887
14740
10422
28536
15874
7630
25946
9808
32139
28624
30127
29280
548
15543
14767
6031
12127
14214
22006
16592
9494
30388
16136
11850
9741
21215
15097
24718
19407
11433
8726
1158
12545
26155
10472
12890
18879
7059
32281
11162
15388
25861
18822
10710
13485
26156
2133
9452
8923
27887
26013
24113
26169
13289
10228
12059
21919
27642
10848
17170
28419
16461
15425
1376
26976
19548
25350
9053
26771
14181
21317
5851
5468
28212
10534
11614
8343
9674
8468
19774
25201
1325
29577
18750
13602
30366
16535
4819
23475
23331
31565
14504
13022
19247
14284
26656
13375
7257
6024
31062
7226
22557
4904
15975
27314
25019
31966
4944
27255
11217
24625
22447
11398
20702
10775
19765
22586
32510
31346
21592
32087
1910
22248
17533
29882
206
23638
17457
6518
5857
18796
2500
16967
20611
1250
8468
11681
9992
12480
14608
29669
27664
4967
28026
28613
28636
96
21731
11316
8750
9330
18616
21881
14605
7868
18874
22056
32341
32656
21084
20129
14235
8507
20944
26056
18199
23154
628
13307
10497
4961
30422
29404
20248
28220
16476
28333
23253
5681
22321
23294
28715
22619
28535
8838
3245
16154
28082
29929
2339
3579
6666
15792
12146
30168
14340
11237
27663
25927
19413
9599
23086
10938
11283
10391
32039
3919
14346
15241
15634
30593
26439
6308
17388
30692
6670
12809
28970
12137
8190
4344
13052
16077
5387
5196
19119
23233
23300
29676
16246
15
4642
5981
4896
7485
11923
20120
31120
26823
29472
26323
19961
20278
9108
31185
16298
24730
21314
10837
22953
5819
21279
13480
10939
30154
8591
22419
31859
1620
4552
5279
27397
15542
22933
25035
4966
4149
10174
24628
9821
14257
19274
8917
30900
1142
31296
8251
577
6860
29684
17968
10468
20393
29165
9407
1533
14500
6400
2065
9097
11245
24776
3706
10953
4597
31110
578
30707
11198
25430
9108
19078
15298
28569
10455
28072
13708
5053
25141
4875
17941
13226
3140
32087
25833
2365
15175
17286
13010
1245
360
27318
30311
31140
15504
12010
15243
22303
13765
17252
1109
28774
26982
19120
5585
1557
20966
1603
13894
24783
29035
10952
28351
30222
16810
7195
23082
7749
27783
6648
29995
5090
24742
14708
10167
2713
26365
10019
10855
27629
18657
24311
27076
24852
9503
13320
508
19634
26638
6483
6934
29678
11050
5054
9577
16149
2823
13316
10444
2464
26984
12799
24307
10982
570
19816
4987
4531
14820
13681
6577
26445
9422
28147
28972
11819
3961
4614
25410
4177
23826
28017
12212
3969
6791
18809
26463
17649
21447
27643
23067
25344
14367
11356
22890
18723
10192
25719
17372
21431
5144
17866
27048
13151
13105
31338
29656
4660
15620
1982
26056
18878
4922
20240
12133
20341
5711
18009
6880
2429
28268
13101
26170
30698
24736
20818
4362
24494
12302
4842
19614
17658
3211
2638
13227
22252
22981
17019
16863
13392
7928
11469
24647
29371
29067
1109
30672
10964
26820
20974
1895
5137
7410
22996
7505
17963
20746
2156
29388
12491
29135
509
13536
26940
28249
20145
31753
18347
15237
15426
18480
19808
30734
32293
21444
2653
865
27983
5670
18837
4866
9077
24813
227
28361
2724
7880
6288
18476
28797
12511
1127
4421
1186
13161
23078
7158
14240
3399
19756
17198
15466
27965
211
15292
14330
4738
8568
30664
1539
16349
1387
28715
9490
17390
17826
19275
13393
26330
12129
7683
5608
23962
10685
26564
32369
14722
8769
25671
31333
15348
18411
19087
9973
21030
15726
13780
29927
8689
4542
25821
477
31195
16284
9097
4283
5336
6771
9058
5689
9906
32491
5059
27551
17609
3737
812
29902
13497
3375
4749
2238
6125
31110
23469
29188
31403
10645
9193
19271
19350
2495
29403
3096
7187
11536
31716
20922
17239
17380
14695
16098
30080
23273
13378
5350
18042
6778
24227
22896
32414
29996
22083
23330
12082
12626
10010
15670
18879
8688
12505
6227
11685
12909
6036
3513
28880
318
9820
29824
2808
10222
11840
8870
30295
28681
6662
14445
6028
9732
805
3757
2276
16655
32618
3637
28265
19939
1149
23720
17588
8904
3201
1134
25639
24527
9322
14184
17056
7838
14264
7198
10878
27358
17389
2763
6228
29744
5028
5092
25914
26786
29381
4407
28988
15050
14778
6361
1711
22061
13394
30087
13066
27933
12962
25273
2561
468
11663
4641
16991
2911
13306
3628
1418
26065
13507
32121
8466
15067
4984
14244
11758
9693
29793
9730
116
18457
1426
18135
21262
15617
12285
7820
11360
24707
15473
22689
17291
23675
4066
17419
15227
3926
23963
30607
26135
5402
27859
5222
24640
14059
11746
32308
15117
4235
13925
22904
545
28396
29684
22738
25913
4120
10612
7370
15358
13936
13114
9728
20670
3221
12491
7785
11172
15507
27633
23758
3791
16037
31943
3263
28439
27638
1973
5802
6718
28617
12877
30778
19419
19813
17202
15043
25287
5745
29509
29747
202
22982
31849
22519
9387
22473
20169
2199
8233
7842
11420
18113
11214
2301
6921
6230
18869
4581
29980
12342
18291
25739
6300
17332
31312
12434
20185
2282
22674
23793
25480
10327
28243
18568
26710
6536
17677
2689
10181
2974
26797
24085
28755
4697
13518
31119
11095
26818
9323
1810
17595
23921
24656
13211
6076
28503
17426
13559
29618
12334
21717
11491
32756
4591
6086
19814
1708
1810
26626
3156
29657
22441
21274
31310
9898
32523
22459
14947
14923
20875
3481
21828
30937
1848
30146
5317
18401
2601
16667
24886
20961
4507
24951
27633
13531
17047
23094
15277
28669
32588
24615
20125
16898
19235
6357
19250
28581
29211
19926
20020
22701
25419
30887
9797
32265
6460
29551
3112
13035
29286
7141
32152
14050
15452
18183
21394
6220
16544
28204
18301
6444
22350
18347
18811
23361
14265
26587
3766
20306
10330
13714
12465
21918
1360
22310
10241
3555
27920
14370
22102
12214
29636
25302
2159
14094
31105
17295
5337
27609
3812
12218
48
30405
8033
11698
10886
32274
20535
19885
18035
17375
7623
32327
30040
27863
7109
18436
2971
10248
20439
23176
11371
22102
14459
16966
3171
17950
26452
30702
13219
20430
2706
11555
30591
16115
966
30277
13553
28096
29418
796
13463
24713
20315
30400
15632
29106
1357
15676
23437
4954
12685
17938
18551
12808
14760
32541
29971
25802
9779
5933
15376
30916
14710
10169
8010
18478
17594
12924
29030
804
14194
22270
22481
31211
15379
14069
9588
8113
11401
728
19508
31324
12747
15894
22399
22923
14502
7089
2891
9213
15185
31837
28563
20767
26039
30167
8152
15324
27636
728
14803
876
18514
231
19705
3677
14946
3996
2457
9000
16427
26138
21082
14515
3094
3286
22429
8261
15292
28449
2918
28446
12368
2621
16905
4284
14816
20726
32203
20788
18874
1207
6739
24704
13380
31839
18435
21566
28734
3133
13360
31642
29329
17057
1939
25588
24408
18512
12817
3394
32630
17214
15448
28274
1689
18466
29089
1679
11910
3395
14792
32692
1156
5907
3155
8932
19335
5267
19783
8210
814
26928
22377
26073
11972
25210
18070
10179
4779
15447
31813
9674
31397
5119
31814
30413
9423
6653
17970
9236
9765
21433
21600
9925
32040
2739
11200
20954
25880
15485
21847
26837
10958
29911
4313
16131
31356
28343
19678
5326
5250
31906
12225
20137
24327
23231
18558
30333
4920
29979
17694
25363
10150
3841
3701
18405
5533
30840
8060
7120
6669
19961
20537
32755
11714
9023
10383
19014
26173
22118
19256
24724
11960
13925
11936
4766
20544
14410
7837
29701
901
9172
23516
21415
1358
31521
29786
32166
17831
3406
5847
2933
25751
27
27850
27747
31405
6748
17749
4066
16550
31005
28986
9283
14792
5990
27025
17543
12532
31035
16630
3120
16592
11980
1792
10827
16909
30896
7791
16752
21919
22663
8580
30653
8443
24934
30809
18896
10061
22880
27579
26753
10135
18961
11924
3735
32054
5025
27715
18768
12415
31787
6313
14549
15848
587
17254
29161
8867
15309
15953
14663
3836
21700
11300
30824
2407
21113
6997
27544
20552
15316
161
1669
10167
4988
26472
1186
15573
18157
5743
3990
23398
15602
29012
27424
9095
30269
17586
16694
23322
11241
20825
26800
10374
14037
4380
26449
4958
8776
24104
9932
10185
2669
32124
31823
12229
20357
18266
30670
9659
18888
5288
11228
5533
2938
10061
19133
17970
13116
19538
23535
16198
19791
1614
30005
7989
2405
20579
7946
31321
5101
14583
27552
827
21417
14357
10721
32454
4680
23532
25536
26466
31646
22994
7527
464
13499
28346
32092
11748
31139
16230
25303
20481
519
13628
10743
6075
5330
5632
6019
21427
4166
5491
17704
26883
31286
4578
16628
4816
17022
32125
15183
25713
20970
2104
21874
20906
6958
31569
9621
166
17541
13195
32588
25836
19743
14465
9928
20751
20127
24824
19943
12442
26688
25532
22225
16603
27120
13388
1323
29548
23942
2388
32635
1104
10897
12078
13724
15176
10058
27877
16555
19716
17189
13550
32195
18799
14998
23810
16450
17640
28587
31674
31522
2509
11050
26533
8582
8446
7362
1905
5677
8692
18231
3978
14086
11164
11388
5641
11699
28313
3577
25032
11205
20216
849
31501
17135
25782
5481
18567
13910
554
17112
12954
11964
20278
25361
30086
16863
22486
14430
11768
891
9496
31485
6189
26216
16576
3077
7872
1408
11698
3886
13039
28449
27335
19762
19705
1826
536
5333
17640
24928
1766
7524
19590
9224
15764
32188
17600
11280
30317
32182
23365
16772
26606
19196
1594
23494
10706
13078
3020
58
6687
7676
7163
2312
7032
9040
562
8928
9110
1854
6982
19021
4069
6970
1463
21437
22837
13179
21913
14500
11439
12646
21476
14493
1115
139
20311
26063
2815
30441
19740
10328
24648
16915
30899
15944
30926
18525
27000
21882
16421
25910
25325
27307
1459
21808
26654
10951
6932
24730
19690
9893
14810
17901
20790
24342
13116
21953
9111
8980
8310
19187
20820
7075
8636
28933
10185
374
32120
26697
12184
13763
10179
32137
26650
7608
17345
25102
14128
20046
31319
6854
25922
31312
23360
29982
12779
30784
26444
24664
22874
18745
21932
11163
22576
25999
6278
9504
28744
7347
23779
28392
31148
9598
11701
32007
24814
15132
27583
28326
32314
20439
15459
3667
32740
24297
15927
5798
28875
13442
18006
20473
9141
26382
30915
19320
23733
9544
22830
24897
3724
15767
1191
1521
8816
30309
2413
4465
15753
10224
7397
15986
25453
10607
26605
8651
7038
7409
20752
338
16070
17274
9402
18548
21191
15242
26653
32141
13499
30475
199
12908
21747
17331
18722
6207
31153
30627
4858
644
11711
27728
6598
16134
22877
1630
14766
30708
28804
3548
3097
27232
106
28112
854
9084
15571
22639
31190
3983
32128
27793
11272
31355
17559
18614
23408
12479
21107
11739
14269
5240
31928
21783
1534
6918
21399
26782
25092
31009
31351
13498
10386
17026
2406
4594
11090
9153
4509
26168
31716
23561
30094
31246
16373
4370
25855
24652
8105
14549
19851
1957
472
16423
22992
32184
24878
5505
18853
11434
1483
32486
25578
8055
21061
13146
30369
20339
11679
10636
14135
9854
18196
9470
14682
28130
18458
16021
20710
21592
5666
7337
21098
24572
9921
19309
30622
13038
24480
782
3261
2400
13671
6063
1744
24546
9512
26606
25165
19355
14118
13387
18237
12033
31628
25571
28118
6414
2668
20666
32582
22381
19399
1639
1917
12726
18997
28746
6513
22267
2804
19868
30689
30671
30321
10254
25263
28393
5231
6337
19585
11678
3317
24167
19387
1851
23277
320
11346
26243
13349
9858
21632
19264
31649
1951
3775
8137
32745
8237
28360
8851
7425
21844
14641
18054
3948
2841
11371
13266
14362
29228
25071
19182
25803
2023
26164
4755
5687
5638
31519
13493
28901
31352
4035
2508
21773
26917
14038
22689
18118
10698
7145
1776
7777
30148
19376
10137
18559
11584
26047
27375
3542
912
30560
28121
30525
32079
2972
15261
21672
25195
4014
4683
7128
1698
6112
2468
10309
28461
30010
22025
27167
10281
14861
25483
16326
5449
29884
1254
18258
5300
23678
30547
31780
15515
32017
383
16803
19967
20910
1881
4211
129
7613
30943
8186
26536
27011
13418
7417
9872
18429
17221
5479
7948
23920
31225
20784
9874
20677
18468
24978
28603
7727
13803
1937
26572
2718
19560
24656
15235
13540
28267
21539
17878
4873
22924
30867
1219
17389
3998
30774
13571
30467
915
24124
15676
21851
32263
7701
5646
32738
25728
20337
8238
16524
16906
16010
4884
14466
7166
31100
23061
6519
31906
8565
5757
32363
12964
12438
23633
22359
15688
30880
29567
19156
15969
24398
3733
3635
17377
30501
11176
23328
18675
27834
22697
29290
5088
32009
23784
6025
9491
944
21665
11658
18754
12212
22428
17374
18109
19297
21611
31159
26249
23974
23373
16697
10293
25703
17564
7269
22253
25856
6210
19854
10988
3127
3324
5550
21256
15698
28701
12381
16762
25264
7471
13639
20501
15790
202
23000
30032
2241
15554
29949
16539
8721
13568
14138
29741
20673
21710
18869
18420
27050
19511
25492
14365
14710
3390
5720
29255
18984
7381
30107
14652
10592
5191
461
15026
7109
22655
13548
1400
8291
28161
3325
24465
15772
21654
17487
22642
9314
20996
8288
9215
25217
14569
19645
6977
27907
7805
18737
28806
9826
27994
16285
30949
6638
25596
28413
10066
8125
28834
22818
21054
5016
32191
17835
30147
24017
25261
26118
14472
503
8772
14509
28218
13763
15733
31382
15367
4436
24082
6654
12140
4674
27415
23678
2051
32597
19377
23341
10340
23460
7587
15981
3199
10095
32703
4943
10947
3849
10495
1325
24404
14910
28041
31246
19314
24257
27082
350
18180
22509
5260
31430
28341
16188
2850
5523
3302
22135
23818
15744
14993
9237
5723
28162
25866
32683
29488
26111
1457
21978
5790
3188
21362
7993
30070
16639
20863
28162
24745
5809
29643
16246
27907
26840
19390
15024
4150
20839
445
21569
10424
25536
4188
12696
32173
28007
10658
23544
5833
8577
9788
20594
8660
32096
14141
5028
6902
6047
28829
1615
13293
9784
16390
28776
21894
3757
14120
14729
28561
13392
6051
640
24367
13499
5307
4208
24826
24914
2818
13987
11686
3493
28955
25304
3398
8571
16522
24440
27130
11907
18407
19214
15072
24535
9999
19787
5042
16016
449
18363
21521
11916
27257
24089
15707
23572
21058
31289
24364
24811
26608
30773
25354
14931
11653
10263
6583
22104
13688
3046
23134
31090
18913
26796
624
17616
28091
5937
11051
16853
2714
12533
21674
31504
6323
16511
1028
15061
3032
16342
10677
21574
24440
26253
29450
21573
12415
32581
18520
18143
30249
32704
21075
19238
23417
8132
7561
5027
24562
5305
13588
16756
18184
6356
1796
9137
20893
13811
30802
3657
28577
23956
23144
27900
21701
29626
24987
12628
7910
9603
28933
15811
26835
6730
4587
24649
5426
13843
19457
29397
15061
5944
7925
32109
2926
27872
9887
4503
27725
15364
12020
20145
1507
11979
19626
24690
28262
9406
21914
9793
7008
23602
5008
27310
17963
20518
32675
13373
5982
23799
4649
17805
20727
9447
24186
21370
9153
29683
22990
32214
5614
20151
4395
13582
19378
15200
20522
32238
15938
1965
10171
29769
625
20516
770
1801
27382
32135
20820
8812
29685
2838
27225
12398
18116
11594
31615
30670
3809
22063
25610
22890
20221
24733
1021
31596
2628
10372
12448
24678
27883
28699
12304
10993
21029
14646
12562
9951
14117
4030
17429
28267
18803
9846
11506
26869
12487
5918
21584
32546
6720
3616
23908
29297
32699
21729
11080
4683
13546
1574
23623
23337
28844
24907
9878
20297
19012
28602
11797
6921
2227
13189
29371
27689
13528
27009
15273
25981
12823
10949
9684
1502
17418
1831
7977
22521
11286
22968
27255
15553
21656
23075
24433
4176
8906
32325
8357
28065
26522
17320
24636
6206
6214
13465
18124
4224
28659
30840
9850
20124
27521
29635
13356
25317
26967
3566
5386
19860
13443
7867
12704
4489
20779
25942
10789
29300
20809
4334
4137
31243
8599
19252
21459
21963
4598
20452
13649
22753
13245
25253
20488
15950
3590
23992
30553
3434
12499
18
12031
9508
3932
28725
25797
25432
17204
6815
29023
18344
1605
15411
21254
16213
29309
30110
30116
25120
19890
26313
17225
2952
13743
5886
32672
28857
15683
8454
7544
16145
7995
25518
13985
2944
183
11121
9369
26226
28534
23642
21830
28633
5478
25067
9638
30020
26320
27673
24296
29528
14328
6758
9021
4079
8916
10010
16147
12057
14635
30458
21950
27513
30932
18070
9103
11299
23169
30590
11032
13906
26348
4371
9165
8220
13494
19553
12525
8782
12535
18576
27238
22410
21461
30756
9365
25502
23447
15913
4879
28449
3936
30854
12287
15150
2263
5890
5644
1526
3611
14107
22798
19674
10064
31806
19581
11525
11616
6955
21417
12860
13421
25118
17805
13861
16239
5283
24692
31762
16141
4228
1939
22589
4829
8176
18368
10656
27204
8010
25915
4351
31088
24240
8992
8178
31899
24997
17965
18459
32427
12039
7950
30774
13423
29522
9439
20854
17660
3553
25978
27892
17661
24464
3964
13041
31242
17091
20156
10548
7363
32504
19807
10298
13004
8006
17865
15371
2989
13854
7861
13579
8965
12917
10267
12842
6701
4919
1048
825
14708
29677
23288
25069
18108
26144
28580
13427
3766
28882
2307
20188
3259
30738
8377
29487
7456
15060
30054
4309
15643
22442
995
19094
25233
11031
12593
10833
14226
32474
15814
11167
23865
19493
8860
24737
1188
13743
4631
21160
7046
7236
16169
9858
13025
30037
11142
27650
12490
17699
2880
6348
10469
3511
4256
471
19263
7923
27561
9464
7582
1256
7938
17459
3304
3919
18133
24645
24422
11845
21230
11267
6274
1738
22750
2169
22144
2377
9314
20459
26634
1431
11672
27198
3243
22987
10124
25937
10646
27058
21036
26636
3374
32631
340
12921
24480
14248
9186
21769
19473
10664
26839
3570
5093
11322
13980
21897
16514
7531
31872
22647
1706
16570
3196
24084
1119
7755
3808
14271
24339
3920
20170
18244
16986
13745
13699
17585
28405
9027
11326
10874
27289
26109
21037
7557
15026
14821
9691
32004
18661
20624
13109
27105
18559
9268
24431
6821
19009
2429
9609
31170
13941
18804
30948
22117
9591
16053
28416
9091
31633
7556
21512
2136
19514
4431
32267
1150
4150
24065
7629
4941
9902
28183
24856
673
12600
22489
757
20992
11741
15792
2542
31523
25359
11604
7993
32397
26824
15996
24033
640
18842
22721
5128
14046
11568
23677
19786
21111
8984
575
3224
32287
20226
15552
25566
13585
8413
17084
20919
19794
18337
19798
32156
6896
5916
28250
26675
6035
25645
20141
25892
23028
14893
6270
7556
26376
26570
13306
29282
14684
26707
12283
2707
25180
17571
26299
3637
27764
23435
11072
32118
1387
21117
7194
6941
3819
9610
9992
416
21141
23589
810
23436
18915
26226
23590
17741
27524
20991
28903
423
7435
23774
9477
1008
14349
1116
19478
20361
15778
31950
27552
28729
28037
19096
29477
8679
20029
3066
5
27449
3367
4368
26983
9099
14442
15859
14677
31789
28996
18571
16633
8066
6239
5672
7399
485
7079
7538
23767
15797
24144
24253
19486
1223
11898
23660
19374
15165
12678
1213
17282
15364
23948
10020
16185
23743
2307
10691
28199
19863
2140
30499
16777
8400
17043
24501
32616
14826
15855
14518
15108
16119
32671
21478
11378
31432
3736
19093
15546
749
13621
21511
9268
22400
18363
30853
778
10142
440
28807
21108
19537
27588
11133
7590
14832
16413
19749
17523
27018
3383
10714
26593
29926
15794
675
19916
14326
13166
1055
15592
15061
9575
18149
27526
21556
25203
10678
6393
6971
31044
24538
7773
30900
5667
2323
21735
11726
13763
21617
22860
18555
15949
15758
18505
21892
21528
8349
14648
12034
14588
19605
28367
27275
3204
24271
3260
13746
26302
31498
2962
20848
6276
2657
27540
19768
21753
23364
21895
5568
2873
756
30852
24425
1197
5064
17319
8015
3073
21401
27434
12310
5410
28377
1310
13804
7630
22503
325
23349
3918
30178
23252
9884
22247
28131
4189
23075
23289
15365
8914
13333
3708
9781
32453
25950
2944
15043
25243
26670
14669
30713
14278
15673
31928
9182
26413
25822
13768
25111
32347
11864
8521
16506
8088
24953
1001
27097
19766
12728
25850
6634
23259
6803
18292
11885
7722
5801
28228
16252
2455
21533
21092
16886
10268
32010
11101
3011
17788
1589
15022
664
1954
12400
16372
24351
1699
24895
1130
19792
28274
10521
15136
13887
1457
26267
20318
18805
24274
21132
4398
4614
30592
12276
24742
23446
2156
2206
30537
24611
23221
24489
27788
23890
22369
14458
27677
1893
31341
4719
24835
19649
16522
21094
25754
24129
397
3440
30095
153
27395
16480
4927
10508
23190
25771
20611
29594
11898
30155
1600
22242
20277
14184
3497
31715
11060
27717
15103
22337
10776
6081
15348
20611
25628
4299
15858
804
14204
13598
29093
15200
21265
10220
32317
22502
26300
21992
13153
21460
9954
23909
19929
25190
19790
16170
29203
22527
16152
22787
2452
4242
8410
29166
18334
286
26849
8686
7317
15265
436
23454
3286
30430
7573
11559
24652
13987
12934
5553
21599
18474
17992
23494
13872
3328
9314
18973
22376
2177
30714
32002
14728
4096
31679
31069
23405
26697
4702
6542
25958
7835
30390
24733
4712
30295
32650
24595
14195
26043
28508
13696
4262
16415
20322
12058
26400
27228
26123
1261
1399
21209
10107
7442
12838
5442
11271
3021
27735
827
22014
21565
12333
23853
13925
14913
9803
6709
12052
21849
739
7061
29467
11433
14354
16403
12650
13654
11922
7660
30251
7300
15252
7915
1284
28249
9108
32022
18797
17671
25139
7125
30977
20877
3476
9052
9898
29622
19608
9605
24461
14460
687
14758
31050
5772
24223
19768
13242
12073
12922
31064
4633
13912
22016
8586
7429
16430
8031
12237
27750
10108
19855
7057
23936
12658
20473
4192
4123
24927
21039
10374
12418
24105
21979
22709
29762
14623
10172
20901
22388
8654
30230
9753
24151
9951
14178
9747
20000
18439
27514
6351
16407
23295
12266
23030
17979
3109
4714
9959
13108
14189
1975
15977
6804
32261
11717
26646
10105
7393
13822
21044
3183
19602
5638
1803
3475
27923
8825
21351
11395
20858
11409
3065
11205
12391
30787
6507
18548
19371
30850
9254
30830
11890
32003
4274
16089
22842
440
28086
29211
19322
18887
23955
24162
6888
6952
3293
3703
26221
780
15840
20622
20729
16212
13752
31726
21490
16654
15700
31383
27731
27369
32071
21078
4736
19757
31185
4861
9860
13392
32555
26688
26765
16598
23720
12892
18080
14845
7648
24536
5501
26328
2037
8019
4682
24420
21859
22759
24590
17734
7024
3361
30754
1509
4598
25810
20825
18231
32159
28723
11125
12777
20647
8912
15436
20109
17947
11781
22357
8654
4788
6577
20495
15706
1962
24329
20578
1600
21583
14259
25283
30056
7317
12892
29299
3268
6902
7648
6611
1603
7114
29400
22326
20472
16366
21018
21409
1195
3521
31337
1734
27328
6280
2252
7518
5759
3951
17785
9660
32670
69
18765
883
33
5692
24955
24192
25858
32522
3928
30480
22337
31276
30932
10886
21014
10766
32754
1890
27916
20008
14602
22363
21702
19355
17052
19512
31073
22960
13786
10824
6214
14572
8854
10534
13389
11946
10763
21584
26869
24500
17765
31706
20449
18194
12373
11354
19539
30174
20089
31422
4103
21665
14427
30060
13072
6179
11496
28637
18896
1335
32554
20151
25790
12166
8957
20440
2069
7822
9597
26349
29860
31195
20298
3509
28351
31284
2603
13946
16907
29257
11105
31706
13609
14498
12571
4832
22743
9153
30577
20871
9505
13161
14414
2711
18126
4927
17335
25224
740
23924
9767
30555
14291
4687
8726
28917
25957
1580
19309
25735
6830
6516
11891
9351
7991
2495
25414
13723
1486
13933
12184
12623
29106
27076
1008
4828
22730
24472
7707
16313
3777
10140
791
32000
3572
12614
30541
745
19791
7764
23527
22343
11080
16955
24891
8976
1541
22611
16883
30772
11006
10191
16537
7021
15475
18512
13520
21255
3604
22457
25770
982
27
10871
27498
1457
17782
26997
4175
24898
18796
2900
23486
12233
17444
12298
30566
22759
13429
4856
863
3521
14455
5283
26400
8980
10985
21503
11616
12958
18305
27730
1088
8168
23627
19540
22347
14817
3610
19741
15454
17528
9455
2157
27519
27628
24641
30649
13318
11097
2613
10127
22144
31725
3156
28566
8344
1960
10371
14516
24874
19812
8011
13363
12719
2356
19277
27804
695
17945
11382
5348
11108
27586
15710
2353
9607
27649
22835
21796
16126
18943
11432
20632
27227
5135
32306
9932
23607
20897
19900
8533
28758
23793
27053
1193
32419
15332
9064
2495
2100
18329
14272
18425
27395
10343
6161
5705
9593
19692
16310
1028
25320
32725
32061
23169
31005
25237
23822
17171
18104
29452
7468
25504
21641
29860
20442
7864
18872
21797
801
3957
27684
23540
32589
21816
23772
9399
2146
25397
16420
11959
32298
4856
613
19499
7036
1967
9571
11499
12211
13284
22345
6570
28740
12335
5900
15477
16024
2596
31754
30509
16812
9751
19261
18283
28127
963
4416
1105
29566
1852
31951
9026
22816
21023
8493
19508
30943
6126
5464
1532
2391
16617
13177
21397
6727
12424
28001
1894
15767
16044
19122
5692
15793
13739
1094
8450
15648
12920
31644
27315
13126
16181
21170
21602
30527
30621
28887
17743
31546
21531
24732
19166
13647
31245
5529
30358
8598
8940
21363
17559
9082
19212
9391
2536
30566
30850
18303
8248
29382
14633
26949
15267
21835
24738
27224
17376
15088
5999
11248
20129
19792
22396
19874
24364
20363
18093
15598
13255
22068
31014
13711
21303
20873
1273
539
15331
16934
32541
20729
14044
26013
11391
19777
3025
1804
12572
24922
3320
29133
21862
18245
3762
25650
11274
26364
17211
30675
18638
30575
10898
26466
31189
14186
16274
5187
18137
29450
6321
9846
4043
26452
24740
17841
2181
27623
3692
25865
27709
15120
10500
19918
19157
831
18772
23364
30525
22268
23527
16951
20467
5241
5962
10158
6920
17365
23125
1732
15828
26094
8390
11040
18319
15749
30681
2022
8124
32370
11848
31781
30074
16674
15775
17676
11082
5573
27109
31370
11147
22371
24273
1202
17809
16961
15727
27394
4029
19534
13614
28438
11102
16503
24441
14566
1372
29643
16463
12966
18756
17270
8032
26346
17361
22638
22990
30726
32410
19428
1509
9797
6232
16745
27957
23137
13049
32143
21515
21219
14145
14473
23035
1515
5596
13208
26763
501
8213
27660
14363
30083
10227
25347
30376
10083
26490
32501
16663
31007
7471
252
20191
12952
12667
10408
22443
14205
3086
6
13269
7363
30090
23014
10243
1326
12185
30156
23993
9679
18492
27691
9056
1511
5876
31300
8666
6422
31564
19149
22954
12994
30971
16144
29684
7037
17080
30981
30414
2739
29867
5430
19227
1760
32537
18583
20750
7053
22874
11078
15685
9016
26278
8180
20502
30745
29339
11058
533
14921
16958
13594
28129
